human_id,database,protein,gene,species,pathogen_id,pathogen_species,database_pathogen,pathogen_protein,pathogen_gene,human_seq,human_start,human_end,pathogen_seq,pathogen_start,pathogen_end,extended_pathogen_seq,pathogen_length,binding_rank_strong_HLA_DQA10101_DQB10501,binding_rank_weak_HLA_DQA10101_DQB10501,binding_rank_very_weak_HLA_DQA10101_DQB10501,binding_rank_strong_DRB4_0101,binding_rank_weak_DRB4_0101,binding_rank_very_weak_DRB4_0101,binding_rank_strong_DRB1_0802,binding_rank_weak_DRB1_0802,binding_rank_very_weak_DRB1_0802,binding_rank_strong_DRB3_0101,binding_rank_weak_DRB3_0101,binding_rank_very_weak_DRB3_0101,binding_rank_strong_DRB1_1501,binding_rank_weak_DRB1_1501,binding_rank_very_weak_DRB1_1501,binding_rank_strong_DRB3_0202,binding_rank_weak_DRB3_0202,binding_rank_very_weak_DRB3_0202,binding_rank_strong_DRB1_0301,binding_rank_weak_DRB1_0301,binding_rank_very_weak_DRB1_0301,binding_rank_strong_DRB1_0701,binding_rank_weak_DRB1_0701,binding_rank_very_weak_DRB1_0701,binding_rank_strong_DRB1_1302,binding_rank_weak_DRB1_1302,binding_rank_very_weak_DRB1_1302,binding_rank_strong_HLA_DQA10501_DQB10301,binding_rank_weak_HLA_DQA10501_DQB10301,binding_rank_very_weak_HLA_DQA10501_DQB10301,binding_rank_strong_HLA_DPA10201_DPB11401,binding_rank_weak_HLA_DPA10201_DPB11401,binding_rank_very_weak_HLA_DPA10201_DPB11401,binding_rank_strong_HLA_DPA10103_DPB10201,binding_rank_weak_HLA_DPA10103_DPB10201,binding_rank_very_weak_HLA_DPA10103_DPB10201,binding_rank_strong_DRB5_0101,binding_rank_weak_DRB5_0101,binding_rank_very_weak_DRB5_0101,binding_rank_strong_HLA_DQA10301_DQB10302,binding_rank_weak_HLA_DQA10301_DQB10302,binding_rank_very_weak_HLA_DQA10301_DQB10302,binding_rank_strong_HLA_DPA10301_DPB10402,binding_rank_weak_HLA_DPA10301_DPB10402,binding_rank_very_weak_HLA_DPA10301_DPB10402,binding_rank_strong_HLA_DPA10201_DPB10501,binding_rank_weak_HLA_DPA10201_DPB10501,binding_rank_very_weak_HLA_DPA10201_DPB10501,binding_rank_strong_HLA_DQA10501_DQB10201,binding_rank_weak_HLA_DQA10501_DQB10201,binding_rank_very_weak_HLA_DQA10501_DQB10201,binding_rank_strong_DRB1_0101,binding_rank_weak_DRB1_0101,binding_rank_very_weak_DRB1_0101,binding_rank_strong_HLA_DQA10102_DQB10602,binding_rank_weak_HLA_DQA10102_DQB10602,binding_rank_very_weak_HLA_DQA10102_DQB10602,binding_rank_strong_HLA_DPA10103_DPB10401,binding_rank_weak_HLA_DPA10103_DPB10401,binding_rank_very_weak_HLA_DPA10103_DPB10401,binding_rank_strong_DRB1_1201,binding_rank_weak_DRB1_1201,binding_rank_very_weak_DRB1_1201,binding_rank_strong_DRB1_0401,binding_rank_weak_DRB1_0401,binding_rank_very_weak_DRB1_0401,binding_rank_strong_HLA_DPA10201_DPB10101,binding_rank_weak_HLA_DPA10201_DPB10101,binding_rank_very_weak_HLA_DPA10201_DPB10101,binding_rank_strong_HLA_DQA10401_DQB10402,binding_rank_weak_HLA_DQA10401_DQB10402,binding_rank_very_weak_HLA_DQA10401_DQB10402,binding_rank_strong_DRB1_0901,binding_rank_weak_DRB1_0901,binding_rank_very_weak_DRB1_0901,binding_rank_strong_DRB1_0405,binding_rank_weak_DRB1_0405,binding_rank_very_weak_DRB1_0405,binding_rank_strong_DRB1_1101,binding_rank_weak_DRB1_1101,binding_rank_very_weak_DRB1_1101,binding_rank_strong,binding_rank_weak,binding_rank_very_weak,Rank_average_HLA_DQA10101_DQB10501,Rank_average_DRB4_0101,Rank_average_DRB1_0802,Rank_average_DRB3_0101,Rank_average_DRB1_1501,Rank_average_DRB3_0202,Rank_average_DRB1_0301,Rank_average_DRB1_0701,Rank_average_DRB1_1302,Rank_average_HLA_DQA10501_DQB10301,Rank_average_HLA_DPA10201_DPB11401,Rank_average_HLA_DPA10103_DPB10201,Rank_average_HLA_DQA10301_DQB10302,Rank_average_HLA_DPA10301_DPB10402,Rank_average_HLA_DPA10201_DPB10501,Rank_average_DRB1_0101,Rank_average_HLA_DQA10102_DQB10602,Rank_average_HLA_DPA10103_DPB10401,Rank_average_DRB1_1201,Rank_average_DRB1_0401,Rank_average_HLA_DPA10201_DPB10101,Rank_average_HLA_DQA10401_DQB10402,Rank_average_DRB1_0901,Rank_average_DRB1_0405,Rank_average_DRB1_1101,nM_HLA_DQA10101_DQB10501,nM_DRB4_0101,nM_DRB1_0802,nM_DRB3_0101,nM_DRB1_1501,nM_DRB3_0202,nM_DRB1_0301,nM_DRB1_0701,nM_DRB1_1302,nM_HLA_DQA10501_DQB10301,nM_HLA_DPA10201_DPB11401,nM_HLA_DPA10103_DPB10201,nM_HLA_DQA10301_DQB10302,nM_HLA_DPA10301_DPB10402,nM_HLA_DPA10201_DPB10501,nM_DRB1_0101,nM_HLA_DQA10102_DQB10602,nM_HLA_DPA10103_DPB10401,nM_DRB1_1201,nM_DRB1_0401,nM_HLA_DPA10201_DPB10101,nM_HLA_DQA10401_DQB10402,nM_DRB1_0901,nM_DRB1_0405,Gene description,Uniprot,# MIM Number,MIM Entry Type,Entrez Gene ID,HGNC,Ensembl Gene ID,type
sp|C9JI98|TM238_HUMAN,sp,C9JI98,TM238,HUMAN,0102041|tr|E9RH88|E9RH88_9BETA,102041,tr,E9RH88,E9RH88,RRVRLQ,155,160,RRVRLQ,27,32,SPGERRRVRLQSLSLK,6,,,,,weak,very_weak,,,,,,,,,,,,,,,,,,,,,,,,,,weak,very_weak,,,,,,,,,,,,,,weak,very_weak,,,,,,,,,,,,,,,,,,,,,very_weak,,,,,,,,,,,,,,weak,very_weak,51.96,8.82,30.47,58.6,27.645,38.35,34.675,31.54,32.05,78.49000000000002,2.8800000000000003,22.685,79.52000000000002,24.2,5.8100000000000005,22.37,52.27,25.19,25.835,39.78,17.47,22.56,43.715,34.54,25.345,6548.5676115092,35.376488953844,588.2712438571521,4197.86092732901,234.51966549818803,2448.90732722709,1071.87688187385,326.521182445366,519.967822430476,4782.29693550459,475.205040161734,843.0186218039149,8263.06707446463,435.269558190736,483.440469060538,51.33525026991821,2597.79712615293,1172.76809037688,477.6949397070391,478.719410245457,527.065121918428,327.979980869289,533.092896520748,383.999027988049,Transmembrane protein 238,C9JI98,,,,,,virus
sp|C9JI98|TM238_HUMAN,sp,C9JI98,TM238,HUMAN,0102041|tr|B7TPY6|B7TPY6_9BETA,102041,tr,B7TPY6,B7TPY6,APSAPA,17,22,APSAPA,693,698,LPVTTAPSAPAQPTDV,6,,,,,,,,,very_weak,,,,,,,,,,,,,,,,,,,,weak,very_weak,,,,,,,,,,,,very_weak,,,,,,,,,,,,very_weak,,,very_weak,,,,,,,,weak,very_weak,,,,,weak,very_weak,,,very_weak,,,,,,,,weak,very_weak,78.965,33.725,18.82,67.955,26.365,25.615,49.405,28.55,50.11,2.905,36.505,83.695,18.765,80.58,79.74000000000002,14.935,12.95,82.695,52.775,5.965,83.305,8.39,14.295000000000002,22.285000000000004,42.345,19583.8571610873,2927.68367858534,1245.6599478765,15832.8381885713,2290.5375457784803,6059.88104120058,10821.4784846178,1972.92431305912,4509.96134715684,100.804761135699,10521.7523153353,16867.7496169569,2365.33880041328,16824.36923148,20776.9982358171,204.558334012826,894.766461106347,19849.6635306401,9955.26540280457,413.844892354225,15283.2823398091,887.189322741554,634.996225265205,1509.27586230383,Transmembrane protein 238,C9JI98,,,,,,virus
sp|C9JI98|TM238_HUMAN,sp,C9JI98,TM238,HUMAN,0001259|tr|Q1GAR9|Q1GAR9_LACDA,1259,tr,Q1GAR9,Q1GAR9,ALARLA,111,116,ALARLA,85,90,GDFDQALARLAQIPDD,6,,,,,,,,,very_weak,,,,,,,,,very_weak,,,,,weak,very_weak,,,,,weak,very_weak,,,very_weak,,,,,weak,very_weak,,weak,very_weak,,,,,,,,,very_weak,strong,weak,very_weak,,weak,very_weak,,,,,,,,,very_weak,,,,,weak,very_weak,,weak,very_weak,,,,,weak,very_weak,strong,weak,very_weak,23.965,31.485,11.61,45.06,35.785,19.98,44.275,7.445,36.39,3.635,12.82,32.7,5.8100000000000005,30.405,33.99,1.59,2.14,36.0,22.15,13.645,28.16,2.805,3.14,21.625,9.125,2846.10187851011,1196.60888998903,603.485984975615,4590.45395703873,1510.20696111278,3415.62652278244,5236.11538031842,202.88753175838,2512.16304664497,141.886247571245,2444.24835698893,2575.24090590611,778.88546676487,1867.45031172053,4253.59455137282,13.0710600265161,156.911517003394,3794.86258496493,1811.19440084872,459.048350465627,1699.26041237023,171.413651341529,86.4846297783518,712.858172637682,Transmembrane protein 238,C9JI98,,,,,,bacteria
sp|C9JI98|TM238_HUMAN,sp,C9JI98,TM238,HUMAN,0001259|tr|Q1G7X7|Q1G7X7_LACDA,1259,tr,Q1G7X7,Q1G7X7,VFLSLL,79,84,VFLSLL,470,475,AAFILVFLSLLLAIWA,6,,,,,,,,,,,,,,,very_weak,,,,,,,,,,,,,,,,,,,,,,,,,,,,,,,,,,,,,,,,,,,,,,,,,,,,,,,,,,,,,,,,,,,,,very_weak,43.0,50.010000000000005,72.55000000000001,69.02,12.58,72.93,77.94,55.385,65.685,91.66,64.435,49.045,87.10499999999999,45.76,56.58,62.665,76.935,42.940000000000005,44.59,75.675,55.265,57.675,74.19,68.43,64.78,2597.23503519345,1373.43371725018,4926.1430262624,8925.17500280821,278.760487261189,9187.36951804295,9566.97700062063,1641.91287340122,2449.0663121935,9140.27312710707,5954.20212767698,738.818782717392,9835.24759053276,520.919475511962,2725.75899995109,633.390557462065,3788.01182766693,1055.65997435614,2453.76101491982,4258.75224622333,1219.05992740787,2003.60061367925,2913.87355294725,2617.68874597829,Transmembrane protein 238,C9JI98,,,,,,bacteria
sp|C9JI98|TM238_HUMAN,sp,C9JI98,TM238,HUMAN,0001259|sp|Q1G947|SYA_LACDA,1259,sp,Q1G947,SYA,ATLEAG,162,167,ATLEAG,365,370,EDRFGATLEAGLTLLD,6,,,,,,,,,,,,,,,,,,,,,,,weak,very_weak,,,,,,,,,very_weak,,,,,,,,,very_weak,,,,,,,,,very_weak,,,very_weak,,,,,,,,,,,,,,,,,,,,weak,very_weak,,,,,,,,weak,very_weak,37.475,63.69,63.85,48.92,51.68,63.42999999999999,67.575,5.66,70.075,22.025,10.82,40.83,12.13,30.66,39.285,19.305,26.015,26.605,55.46,45.38,34.545,28.345,6.085,29.375,52.735,3249.57766749006,2262.99693905552,3254.67982668294,3464.15913425091,2128.1317734344,7943.27202302342,6512.53156265861,170.573701425899,3307.3247781637,364.951848809435,2223.50823543327,1972.32669868656,886.910989849308,1090.03992360449,3422.47028945149,129.886440473146,588.003976083045,1944.9049715541,3931.91369907654,1372.3641960174,989.155226046921,628.060801497032,167.347177401907,678.929805882076,Transmembrane protein 238,C9JI98,,,,,,bacteria
sp|C9JI98|TM238_HUMAN,sp,C9JI98,TM238,HUMAN,0001259|tr|Q1GA77|Q1GA77_LACDA,1259,tr,Q1GA77,Q1GA77,ARLARK,113,118,ARLARK,613,618,NQNVNARLARKKAQYQ,6,,,,,,,,weak,very_weak,,,,,,,,,,,,,,,,,,,,,,,,,,,,,weak,very_weak,,,,,,,,,,,,,,,,,,very_weak,,,,,,,,,,,,,,weak,very_weak,,,,,,,,weak,very_weak,,weak,very_weak,85.14,22.975,9.91,83.23,39.365,41.58,26.57,64.13,23.11,56.465,30.405,51.815,89.465,61.14,26.87,40.81,14.195,69.745,36.88,62.065,58.005,5.705,57.06,71.945,7.234999999999999,14817.9109315343,509.310512158534,497.599407531233,11517.9758178531,1215.26713189321,4421.39797229541,1748.38481844118,2402.87045372964,1371.38453321273,1502.85552505333,5691.52789413291,7839.02398314152,11585.5939983425,7074.9024560845,4501.57610557425,557.991842706358,492.862715031982,11615.4665912886,3158.75265527036,3465.80870996279,6451.86441304633,167.646203035991,2024.47663719419,5100.79301266866,Transmembrane protein 238,C9JI98,,,,,,bacteria
sp|C9JI98|TM238_HUMAN,sp,C9JI98,TM238,HUMAN,0001259|tr|Q1GB86|Q1GB86_LACDA,1259,tr,Q1GB86,Q1GB86,PAAGLG,27,32,PAAGLG,9,14,RKAIIPAAGLGTRFLP,6,,,,,,very_weak,,weak,very_weak,,,,strong,weak,very_weak,,weak,very_weak,,,very_weak,,weak,very_weak,,weak,very_weak,,weak,very_weak,,weak,very_weak,,,,,weak,very_weak,,,,,,,,,,,,,strong,weak,very_weak,,,,,,,,,very_weak,,weak,very_weak,,,,,,,,weak,very_weak,,,,,,very_weak,strong,weak,very_weak,66.01,12.475,8.37,30.92,1.89,8.05,18.635,6.125,7.92,8.55,6.75,37.795,44.085,38.44,35.36,1.435,30.805,42.18,13.75,9.95,53.115,27.75,2.855,23.4,11.12,7343.19250027631,205.267809785845,174.263581845568,3820.57044394762,43.1208271589064,597.198331614586,1469.77701357273,90.992436397267,121.830299169319,88.5305994364456,550.787895143343,2006.55106188399,3221.74557174165,1987.36451271532,2625.43230444237,7.59595319184638,679.885440905001,3935.78696710877,834.975784740448,235.939845845983,2190.50760743606,176.250824349115,43.125492989211,639.6715644519,Transmembrane protein 238,C9JI98,,,,,,bacteria
sp|C9JI98|TM238_HUMAN,sp,C9JI98,TM238,HUMAN,0001259|tr|Q1G9L8|Q1G9L8_LACDA,1259,tr,Q1G9L8,Q1G9L8,ALLLAV,37,42,ALLLAV,11,16,KKELAALLLAVAVLAP,6,,,,,,very_weak,,,,,,,,,,,,,,,,,,,,,,,,,,,,,,very_weak,,,,,,,,,very_weak,,,,,,,,,,,,very_weak,,,very_weak,,,,,,,,,very_weak,,,,,,,,,,,,,,,very_weak,30.025,11.795000000000002,32.965,56.625,42.81,60.260000000000005,55.335,43.09,53.825,37.870000000000005,23.97,14.47,27.775,11.95,27.61,20.885,16.224999999999998,16.415,28.08,38.545,16.765,44.27,45.77,40.48,41.485,1185.85962819515,197.802408371941,675.924669678456,3537.06752928925,401.530070712931,4426.13652574314,3023.88084522478,341.516810683865,628.081188263764,621.261620644073,597.385746068556,136.757045038854,1900.26599523484,87.8578620723846,484.849582019111,38.9575779687879,197.048366370153,258.84147889548,563.659314334445,888.601526694221,186.629077903099,812.218189527384,394.839483265136,680.812955423842,Transmembrane protein 238,C9JI98,,,,,,bacteria
sp|C9JI98|TM238_HUMAN,sp,C9JI98,TM238,HUMAN,0001259|tr|Q1G7X7|Q1G7X7_LACDA,1259,tr,Q1G7X7,Q1G7X7,LVFLSLL,78,84,LVFLSLL,469,475,WAAFILVFLSLLLAIWA,7,,,,,,,,,,,,,,,very_weak,,,,,,,,,,,,,,,,,,,,,,,,,,,,,,,,,,,,,,,,,,,,,,,,,,,,,,,,,,,,,,,,,,,,,very_weak,41.425,50.010000000000005,73.515,66.52,11.455,72.93,77.94,50.6,64.27,91.66,64.435,49.045,82.805,46.07,56.44499999999999,62.665,76.935,43.99,44.59,75.675,55.145,57.675,73.125,68.43,64.78,2261.57724730581,1373.43371725018,4673.6472026564,8649.28742596979,276.558410180726,9187.36951804295,9566.97700062063,1432.25686540789,2347.6949656217,9140.27312710707,5954.20212767698,738.818782717392,9013.29125745052,503.595237559025,2594.39833321576,633.390557462065,3788.01182766693,1001.44239913042,2453.76101491982,4258.75224622333,1169.30907973803,2003.60061367925,2907.19738999453,2617.68874597829,Transmembrane protein 238,C9JI98,,,,,,bacteria
sp|C9JI98|TM238_HUMAN,sp,C9JI98,TM238,HUMAN,0001259|tr|Q1GAZ2|Q1GAZ2_LACDA,1259,tr,Q1GAZ2,Q1GAZ2,LARKLS,115,120,LARKLS,151,156,TTMYELARKLSQTKMV,6,,,,,,,strong,weak,very_weak,,,,,,,,,,,,very_weak,,,,,weak,very_weak,,,,,,very_weak,,,,,weak,very_weak,,,,,,,,weak,very_weak,,,,,,very_weak,,,,,,,,,,,,,,,,,,very_weak,,,,,,,strong,weak,very_weak,strong,weak,very_weak,66.0,33.925,0.225,54.005,31.71,20.68,15.21,36.11,9.93,56.625,17.99,23.65,80.715,25.425,4.84,17.564999999999998,64.175,25.78,20.175,23.845,21.895,10.065,30.27,23.675,0.1999999999999999,7181.72100934178,320.369063193891,95.3712817647797,4909.38217567263,516.765315537971,2195.5854564975,1604.5058388549,382.195943329138,563.177725349951,2472.22872587666,1503.81520458547,1716.35250036982,9138.98757304734,1082.20164969414,789.730450810639,97.9120439201499,2667.46612354787,2605.59460728245,680.540458898452,683.403423351028,920.265035957765,290.536082455691,370.18550765446,921.380903062573,Transmembrane protein 238,C9JI98,,,,,,bacteria
sp|C9JI98|TM238_HUMAN,sp,C9JI98,TM238,HUMAN,0001259|tr|Q1G9L8|Q1G9L8_LACDA,1259,tr,Q1G9L8,Q1G9L8,LLLAVA,38,43,LLLAVA,12,17,KELAALLLAVAVLAPG,6,,,,,weak,very_weak,,,,,,,,,,,,,,,,,,,,,,,,very_weak,,,,,,,,,,,,,,,,,,,,,,,,very_weak,,weak,very_weak,,,,,,,,,,,,,,,,,,,,,,,,,,weak,very_weak,40.38,8.325,23.020000000000003,58.585,25.675,29.805,47.35,43.73,44.635000000000005,16.035,45.48,37.245000000000005,31.58,37.38,56.025000000000006,13.655,8.78,44.715,30.585,27.23,47.74,41.965,26.91,31.76,34.125,1713.82876237501,201.308773287244,431.616259759079,5303.96906210135,782.009842709254,3516.57597334984,5170.97573194275,769.753590084636,1308.30598950976,381.217138571646,2378.58143261665,459.500551972879,2306.8530984486,312.782432437336,2230.54424117925,73.5155476871004,180.578585860777,1007.12536941306,1157.37660254876,754.711211811387,704.165107033152,963.737433169185,464.594739260505,726.995568456917,Transmembrane protein 238,C9JI98,,,,,,bacteria
sp|C9JI98|TM238_HUMAN,sp,C9JI98,TM238,HUMAN,0001259|tr|Q1G9L8|Q1G9L8_LACDA,1259,tr,Q1G9L8,Q1G9L8,ALLLAVA,37,43,ALLLAVA,11,17,KKELAALLLAVAVLAPG,7,,,,,,very_weak,,,,,,,,,,,,,,,,,,,,,,,,,,,,,,very_weak,,,,,,,,,very_weak,,,,,,,,,,,,,,,very_weak,,,,,,,,,very_weak,,,,,,,,,,,,,,,very_weak,30.025,11.795000000000002,32.965,56.625,42.81,60.260000000000005,55.335,43.09,53.825,25.175,23.97,14.47,27.775,11.95,27.61,20.885,28.265,16.415,28.08,38.545,16.765,44.27,45.77,40.48,41.485,1185.85962819515,197.802408371941,675.924669678456,3537.06752928925,401.530070712931,4426.13652574314,3023.88084522478,341.516810683865,628.081188263764,563.763001239796,597.385746068556,136.757045038854,1900.26599523484,87.8578620723846,484.849582019111,38.9575779687879,180.897339561667,258.84147889548,563.659314334445,888.601526694221,186.629077903099,812.218189527384,394.839483265136,680.812955423842,Transmembrane protein 238,C9JI98,,,,,,bacteria
sp|C9JI98|TM238_HUMAN,sp,C9JI98,TM238,HUMAN,0001259|tr|Q1G7X7|Q1G7X7_LACDA,1259,tr,Q1G7X7,Q1G7X7,LVFLSL,78,83,LVFLSL,469,474,WAAFILVFLSLLLAIW,6,,,,,,,,,,,,,,,very_weak,,,,,,,,,,,,,,,,,,,,,,,,,,,,,,,,,,,,,,,,,,,,,,,,,,,,,,,,,,,,,,,,,,,,,very_weak,41.425,54.995,75.33500000000001,66.52,11.455,72.93,74.965,50.6,64.27,92.77,64.655,49.71,82.805,46.745000000000005,57.59,56.62,78.05,43.99,44.59,76.265,55.145,58.77,73.125,68.43,68.12,2261.57724730581,1550.52388151004,5417.35715349815,8649.28742596979,276.558410180726,9187.36951804295,9623.24564095401,1432.25686540789,2347.6949656217,9992.71233162655,6031.68763841878,773.159155212656,9013.29125745052,532.983316792642,2717.36669522074,638.088593417533,4063.56902960876,1001.44239913042,2453.76101491982,4373.95927039043,1169.30907973803,2150.32858467438,2907.19738999453,2617.68874597829,Transmembrane protein 238,C9JI98,,,,,,bacteria
sp|C9JI98|TM238_HUMAN,sp,C9JI98,TM238,HUMAN,0644875|tr|A0A934PAF8|A0A934PAF8_9STRE,644875,tr,A0A934PAF8,A0A934PAF8,PAAGLG,27,32,PAAGLG,11,16,RKAVIPAAGLGTRFLP,6,,,,,,,,,very_weak,,,,,weak,very_weak,,,very_weak,,,,,,very_weak,,,,,,very_weak,,weak,very_weak,,,,,,very_weak,,,,,,,,,,,,,,weak,very_weak,,,,,,,,,,,,,,,,,,,,weak,very_weak,,,,,,,,weak,very_weak,73.02,26.675,16.990000000000002,53.085,6.005,19.535,32.08,11.83,21.03,10.265,7.63,57.065,46.465,54.335,47.19,3.04,34.035,56.7,25.14,20.15,63.1,34.11,5.44,37.91,21.99,8586.81328552046,496.287464750283,375.209934918269,5888.59693122241,134.282014184325,1865.77401646324,2799.67750320749,198.048682049507,473.895735846643,104.204886981186,668.52052567916,3566.92888771846,3284.46625932376,3106.08560299741,3833.07485534787,13.4706341916774,901.227659076579,5402.37257725012,1606.22543901808,586.783726044932,3011.76690077918,231.169022166361,76.6334791467395,1257.68588256763,Transmembrane protein 238,C9JI98,,,,,,bacteria
sp|C9JI98|TM238_HUMAN,sp,C9JI98,TM238,HUMAN,0644875|tr|A0A934UE04|A0A934UE04_9STRE,644875,tr,A0A934UE04,A0A934UE04,ALLLAV,37,42,ALLLAV,13,18,GSATAALLLAVGVGAY,6,,,,,,,,,,,,,,,,,,,,,,,,,,,,,,,,,,,,,,,,,,,,,,,,,,,,,,very_weak,,weak,very_weak,,,,,,very_weak,,,,,,,,,,,,,,,,,,,,weak,very_weak,50.095,56.175,46.005,50.925,29.415,59.06,58.005,37.02,49.255,20.12,50.715,57.655,32.71,54.665,63.715,10.755,6.625,57.72,15.28,54.405,58.02,47.54,37.13,52.1,52.645,2613.58515809542,1059.96339667269,1025.27775653047,3857.45525405979,581.877628050843,5951.81894830542,4476.02948489873,419.548136651961,681.985196455784,211.15168820435,4783.79772933043,1674.34845496706,1754.77153005029,1196.23348464464,4933.34375359668,54.5554311037667,107.433365868409,2712.43176248246,232.576461183623,1771.46337782481,1715.98112948254,768.289157753101,450.886818309419,1161.61697620847,Transmembrane protein 238,C9JI98,,,,,,bacteria
sp|C9JI98|TM238_HUMAN,sp,C9JI98,TM238,HUMAN,0644875|tr|A0A934P9W5|A0A934P9W5_9STRE,644875,tr,A0A934P9W5,A0A934P9W5,FGDLLI,67,72,FGDLLI,60,65,GYRLLFGDLLIPEMIE,6,,,very_weak,,,,,,,,,very_weak,,,,,,,,weak,very_weak,,,,,,,,,,,,,,,,,,,,,very_weak,,,very_weak,,,,,,very_weak,,weak,very_weak,,,,,,very_weak,,,,,,,,weak,very_weak,,,,,,,,,,,,,,weak,very_weak,10.375,33.865,56.855,10.12,32.3,42.04,9.195,35.675,48.275,60.3,40.265,26.32,17.125,15.67,21.28,3.72,52.535,15.285,39.525,28.905,9.745,48.205,37.015,22.05,45.725,98.1984965129364,225.321417638457,1611.60453797485,196.703281710464,227.17204957829,2530.63217609772,191.630041210839,308.286942714851,680.496280551194,2320.64693606169,2078.29776974183,146.870548394263,612.358991690509,64.4517958536793,437.474469921808,10.1954960535098,1121.72210214795,133.28180284671,646.070777264004,246.154147019541,68.1038362297557,879.847688691376,264.134813207172,110.672024627333,Transmembrane protein 238,C9JI98,,,,,,bacteria
sp|C9JI98|TM238_HUMAN,sp,C9JI98,TM238,HUMAN,0283361|tr|A0A3R6KZ85|A0A3R6KZ85_9BACT,283361,tr,A0A3R6KZ85,A0A3R6KZ85,APAAAP,20,25,APAAAP,555,560,PAAVPAPAAAPAGAGK,6,,,,,,,,,,,,,,,,,,,,,,,,,,,,strong,weak,very_weak,,,,,,,,,,,,,,,,,,,,,,,,,,,,,,,,,,,,,,,,,,very_weak,,,,,,,,,,strong,weak,very_weak,85.195,77.045,79.41499999999999,95.0,88.905,63.275,95.0,75.455,92.23,0.78,57.935,95.0,31.815,95.0,95.0,60.985,25.04,95.0,92.82,65.62,95.0,16.995,60.61,81.42,86.86500000000001,23674.4868844968,14146.1349428733,11665.2151489763,34057.1465270328,16204.7659559147,18161.0817336318,37544.4699690895,11216.7847241845,17357.6377461667,35.373809694938,18059.1892241136,31247.3976747021,4086.67312675187,31524.8415971325,33739.1588386232,2935.89949896512,1949.58223047967,33781.5312490498,23199.5416220139,10213.2957161713,29781.4424497346,1106.12653300414,5461.26059369979,15661.9454279662,Transmembrane protein 238,C9JI98,,,,,,bacteria
sp|C9JI98|TM238_HUMAN,sp,C9JI98,TM238,HUMAN,0283361|tr|A0A3R6ILL8|A0A3R6ILL8_9BACT,283361,tr,A0A3R6ILL8,A0A3R6ILL8,PPAAGS,149,154,PPAAGS,7,12,NITITPPAAGSLLGDV,6,,,,,,,,,,,,,,,,,,,,,,,,,,,,,weak,very_weak,,,,,,,,,,,,very_weak,,,,,,,,,,,,,,,,,,,,,,,,,,,,,,,,,,,,,,,,,weak,very_weak,81.515,36.88,29.69,65.645,51.095,32.085,54.905,24.415,38.41,9.225,28.33,67.71,15.05,74.775,79.965,24.405,34.035,75.21000000000001,60.03,33.150000000000006,73.595,32.43,20.66,52.19,47.61,11904.4139717716,769.470471015619,619.865034849054,11913.820313797,2225.79490772457,3651.19332148846,7045.79736603439,812.930331222089,754.703046047583,159.432333992898,4917.03719100323,5720.29713927233,1857.75676114023,6888.33088556667,12598.8418309086,213.487971424164,880.371431142657,9977.15532786159,5156.89583532159,931.111962947969,5954.13770487863,510.982972077184,715.632512622467,2072.52670988754,Transmembrane protein 238,C9JI98,,,,,,bacteria
sp|C9JI98|TM238_HUMAN,sp,C9JI98,TM238,HUMAN,0283361|tr|A0A416AAK9|A0A416AAK9_9BACT,283361,tr,A0A416AAK9,A0A416AAK9,ALLTGV,51,56,ALLTGV,78,83,PAIVAALLTGVGICTA,6,,,,,,,,,,,,,,,,,,,,,,,,,,,,,,,,,,,,,,,,,,,,,,,,,,,,,,,,,,,,,,,,,,,,,,,,,,,,,,,,,,,,,64.69,43.665,28.845,67.235,48.43,67.31,64.07499999999999,54.265,58.115,41.76,66.405,59.885000000000005,44.66,46.415,73.385,25.81,33.075,61.71,37.18,36.495000000000005,69.25,51.995,50.235,40.71,36.36,5056.83198698665,1089.89840490836,822.725744996045,5472.85445000462,964.039875951165,6191.6393430092,6386.92321626588,750.688064049993,1150.13626081475,340.380602995753,7621.32662101916,2269.98596999853,3440.29110300014,1565.05272070823,7283.68722062225,87.8930414093806,275.900886909566,4013.66774131066,1426.07157905588,1526.58623065194,3163.36992205814,1236.03377790028,670.860950711051,1364.14787475601,Transmembrane protein 238,C9JI98,,,,,,bacteria
sp|C9JI98|TM238_HUMAN,sp,C9JI98,TM238,HUMAN,0283361|tr|A0A416A3E4|A0A416A3E4_9BACT,283361,tr,A0A416A3E4,A0A416A3E4,ALARLA,111,116,ALARLA,193,198,LHREEALARLATLYFQ,6,,,,,,,,,,,,,,,very_weak,,,,,,,,,,,,,,,,,weak,very_weak,,,,,,,,,,,,,,,,,,,,,,,,very_weak,,,,strong,weak,very_weak,,,,,,,,,,,,,,,very_weak,,,,strong,weak,very_weak,32.815,24.95,32.93,35.66,15.38,61.395,38.315000000000005,39.63,36.2,44.21,4.215,42.195,27.82,25.45,35.175,27.78,18.305,27.755000000000003,0.43,30.8,33.335,35.42,28.635,18.255,22.07,2075.66848794927,318.05846625769,596.772021314306,1792.96383609052,204.197887993153,5310.63022265558,831.549816439742,332.708635750544,658.10704591982,895.221592032407,448.871637968619,803.538396459874,1696.43138433286,364.861040052968,1206.05850668375,97.6211455930716,270.980917842786,1052.73998644885,65.4560586009046,642.022127062858,478.652079688399,225.702055518577,310.244455161149,293.683975476319,Transmembrane protein 238,C9JI98,,,,,,bacteria
sp|C9JI98|TM238_HUMAN,sp,C9JI98,TM238,HUMAN,0283361|tr|A0A3R6J7V5|A0A3R6J7V5_9BACT,283361,tr,A0A3R6J7V5,A0A3R6J7V5,GALLVFL,75,81,GALLVFL,20,26,LVSLLGALLVFLLFVQG,7,,,,,,,,,,,,,,,,,,,,,,,,,,,,,,,,,,,,,,,,,,,,,,,,,,,,,,,,,,,,,,,,,,,,,,,,,,,,,,,,,,,,,58.82,78.975,87.21000000000001,86.33,69.055,85.56,88.3,76.74,79.88,89.825,74.89,61.69,89.275,61.63,68.74,60.155,76.175,61.03,57.045,89.15,70.58,68.375,80.905,83.64500000000001,82.33500000000001,3266.99306510262,4049.74302557205,9688.85652490167,12243.9245284437,2401.12918373888,15904.0907748288,14748.0136222193,3863.42823756727,5301.50196197659,7980.74597369259,10397.2672502979,1866.96544511713,11208.171251273,1464.41173064242,5116.6016421616,396.689339833498,3611.94024896706,2714.39878535736,2555.56123920625,9489.86207222269,2725.13973603812,3579.72619853086,4290.20135039931,6121.29822982669,Transmembrane protein 238,C9JI98,,,,,,bacteria
sp|C9JI98|TM238_HUMAN,sp,C9JI98,TM238,HUMAN,0283361|tr|A0A3R6IJI7|A0A3R6IJI7_9BACT,283361,tr,A0A3R6IJI7,A0A3R6IJI7,PPPPAA,147,152,PPPPAA,508,513,NMPPPPPPPAAASVNI,6,,,,,,,,,,,,,,,,,,,,,,,,,,,,,,,,,,,,,,,,,,,,,,,,,,,,,,,,,,,,,,,,,,,,,,,,,,,,,,,,,,,,,95.0,95.0,95.0,95.0,95.0,95.0,95.0,93.325,95.0,28.72,95.0,95.0,93.015,95.0,95.0,95.0,95.0,95.0,95.0,95.0,95.0,84.175,94.33,95.0,95.0,39581.8188695218,39326.9677462389,39879.2915323296,41263.236282263,38199.2584046686,40790.0450280739,42625.0494410943,17490.5470975695,40106.465813585,1093.20530010753,42838.1908073687,39348.2489557497,15473.296941748,41153.5533859086,41159.3423332297,34984.8889211684,38784.8113602555,40773.2775840407,41339.2041686163,40288.7007267232,39973.0338027007,7574.96019684406,15463.2551430674,40921.7763787846,Transmembrane protein 238,C9JI98,,,,,,bacteria
sp|C9JI98|TM238_HUMAN,sp,C9JI98,TM238,HUMAN,0283361|tr|A0A3R6J7V5|A0A3R6J7V5_9BACT,283361,tr,A0A3R6J7V5,A0A3R6J7V5,GALLVF,75,80,GALLVF,20,25,LVSLLGALLVFLLFVQ,6,,,,,,,,,,,,,,,,,,,,,,,,,,,,,,,,,,,,,,,,,,,,,,,,,,,,,,,,,,,,,,,,,,,,,,,,,,,,,,,,,,,,,58.82,78.975,87.21000000000001,86.33,69.055,85.56,88.3,76.74,79.88,89.825,74.89,63.865,89.275,61.075,69.475,60.155,76.175,62.22,57.045,89.15,70.58,68.375,80.905,83.64500000000001,82.33500000000001,3266.99306510262,4049.74302557205,9688.85652490167,12243.9245284437,2401.12918373888,15904.0907748288,14748.0136222193,3863.42823756727,5301.50196197659,7980.74597369259,10397.2672502979,1975.14560936776,11208.171251273,1466.04463521318,5361.20433917115,396.689339833498,3611.94024896706,2864.82447137624,2555.56123920625,9489.86207222269,2725.13973603812,3579.72619853086,4290.20135039931,6121.29822982669,Transmembrane protein 238,C9JI98,,,,,,bacteria
sp|C9JI98|TM238_HUMAN,sp,C9JI98,TM238,HUMAN,0283361|tr|A0A3R6LQQ0|A0A3R6LQQ0_9BACT,283361,tr,A0A3R6LQQ0,A0A3R6LQQ0,ATLEAG,162,167,ATLEAG,492,497,GKPQQATLEAGTYARI,6,,,,,,,,,,,,,,,,,,,,,,,,,,,,,,very_weak,,,,,weak,very_weak,,,,,,,,,,,,,,,,,,,,,very_weak,,weak,very_weak,,,,,,,,,very_weak,,,very_weak,,,,,,,,,,,weak,very_weak,57.120000000000005,57.935,65.295,46.9,54.415,52.425,61.98,37.205,51.795,11.105,29.31,8.89,21.145,24.76,34.415,28.69,12.395,7.165,20.115,53.3,19.24,17.41,28.42,61.065,63.44499999999999,8708.35212570982,3847.32653017237,4690.36441226805,5505.75811609832,3316.89305937861,7897.93727729221,8187.86452807119,1190.35890040431,1605.09620094993,397.514277814164,6078.79366463067,292.716406231719,2700.01674777064,1122.57199886755,4777.07370734424,392.390665160067,681.159256994524,506.217459543007,2813.06814810647,3115.03798347663,945.374664688291,1128.97899889576,574.0236072099,4222.18536976052,Transmembrane protein 238,C9JI98,,,,,,bacteria
sp|C9JI98|TM238_HUMAN,sp,C9JI98,TM238,HUMAN,0283361|tr|A0A3R6MFN2|A0A3R6MFN2_9BACT,283361,tr,A0A3R6MFN2,A0A3R6MFN2,LLAVAL,39,44,LLAVAL,8,13,KRFSTLLAVALVTGSL,6,,,,,,,,,,,,,,,,,,,,,,,,very_weak,,,,,,,,,very_weak,,,,,,very_weak,,,,,,very_weak,,,,,,,strong,weak,very_weak,,,,,,very_weak,,,very_weak,,,,,,,,,,,,,,,,,,,strong,weak,very_weak,37.025000000000006,41.145,35.485,25.88,22.855,31.33,62.3,10.715,47.620000000000005,23.005000000000003,14.95,24.655,37.45,14.425,20.505,1.225,24.200000000000003,12.22,19.075000000000003,29.255000000000003,22.285,39.915,24.22,23.665,28.865,2304.3086195883,430.655312671732,383.492478697413,2007.85411105568,207.918832005573,2157.62321223939,4434.23730868027,64.9368786018515,601.90789244284,217.227726748931,239.341511096359,220.366762664589,2860.02399918622,140.531058290109,427.998254962428,6.5585503797777,290.539226008693,330.30904214825,384.477125568269,384.314921460511,259.071230608597,456.912642692983,172.907559108908,236.681325399018,Transmembrane protein 238,C9JI98,,,,,,bacteria
sp|C9JI98|TM238_HUMAN,sp,C9JI98,TM238,HUMAN,0283361|tr|A0A3R6IKY9|A0A3R6IKY9_9BACT,283361,tr,A0A3R6IKY9,A0A3R6IKY9,AALLTG,50,55,AALLTG,234,239,PFNDEAALLTGNLLIA,6,,,,,,,,,,,,,,,,,,,,,,,weak,very_weak,,,,,,,,,,,,,,,,,,,,,,,,,,,,,weak,very_weak,,,very_weak,,,,,,very_weak,,,,,,,,,,,,,,,,,,,,weak,very_weak,36.33,53.475,59.620000000000005,43.385,25.75,54.655,62.63,9.035,39.705,28.745,42.45,41.08,32.08,24.27,55.03,5.16,12.625,35.11,16.049999999999997,42.05,31.61,45.3,32.74,39.575,65.355,2078.23031067344,996.071666234575,1868.5619393539,2269.69126019227,421.32680873182,4614.00699425086,5204.54159315923,88.1587666009212,278.618765345805,463.640626015958,4006.50867943146,545.037502821994,1635.91922468352,281.506535400755,2946.08216679231,23.7539722099239,189.908608671119,894.185779128719,694.946153612104,1030.92865747054,579.634367385633,911.909395431324,374.070894926228,745.290006107497,Transmembrane protein 238,C9JI98,,,,,,bacteria
sp|C9JI98|TM238_HUMAN,sp,C9JI98,TM238,HUMAN,0283361|tr|A0A416A8N5|A0A416A8N5_9BACT,283361,tr,A0A416A8N5,A0A416A8N5,APAAGL,26,31,APAAGL,185,190,EGAVVAPAAGLHFSRE,6,,,,,,,,,,,,very_weak,,weak,very_weak,,,,,,very_weak,,weak,very_weak,,,very_weak,,,very_weak,,,very_weak,,,,,,very_weak,,,,,,,,,,,,,,,very_weak,,,,,,,,weak,very_weak,,,,,,,,,,strong,weak,very_weak,,,,,,,strong,weak,very_weak,48.56,27.51,30.845,19.450000000000003,9.305,25.815,14.77,4.6450000000000005,17.485,12.06,12.805,41.48,28.385,35.52,33.555,10.78,22.005000000000003,33.92,4.15,31.65,26.87,22.12,1.485,40.265,36.325,7711.4075383378,922.997319487415,1433.20247623373,2654.36646143995,375.035408923412,4561.88496863749,1697.4044789229,141.389720806016,529.437075235675,153.883471869583,2858.44624843102,2936.88440336179,2012.55209852785,2619.36032536111,5022.85991578797,74.7701731100694,790.029572237923,3205.75046588845,568.042919086165,1525.5624999411,1725.38289200801,423.11759949629,70.0347712567219,2062.28179497145,Transmembrane protein 238,C9JI98,,,,,,bacteria
sp|C9JI98|TM238_HUMAN,sp,C9JI98,TM238,HUMAN,0283361|tr|A0A3R6IPR3|A0A3R6IPR3_9BACT,283361,tr,A0A3R6IPR3,A0A3R6IPR3,TGVFAQ,54,59,TGVFAQ,18,23,AGCAGTGVFAQTDTIA,6,,,,,,,,,,,,,,,,,,,,,,,,,,,,,,,,,,,,,,,,,weak,very_weak,,,,,,,,,,,,,,,,,,,,,,,,,,,,,,,,,,,,,,,,,weak,very_weak,45.18,34.370000000000005,79.58,61.75,67.555,70.22,73.03999999999999,62.785,74.345,25.985,83.675,73.765,7.300000000000001,79.455,87.315,58.995000000000005,21.21,81.64,70.295,36.155,80.68,40.92,51.69,40.415,85.38499999999999,4313.00707486636,2138.00971866771,8186.53577271813,8140.69340176857,6649.45360866879,14618.0610937513,11824.3115367693,4812.87111254298,5400.85302668486,290.910404167115,18156.7592727902,9202.49155531616,713.467757548441,9639.18940595948,15822.391860545,1842.3237241764,606.950039287604,13137.8722808387,11098.2370377834,1981.61009775694,7786.19250383533,1422.2809005902,3089.46110135732,2151.79484730072,Transmembrane protein 238,C9JI98,,,,,,bacteria
sp|C9JI98|TM238_HUMAN,sp,C9JI98,TM238,HUMAN,0283361|tr|A0A3R6KZ85|A0A3R6KZ85_9BACT,283361,tr,A0A3R6KZ85,A0A3R6KZ85,PAAAPA,21,26,PAAAPA,501,506,APAATPAAAPANVTMA,6,,,,,,,,,,,,,,,,,,,,,,,,,,,,strong,weak,very_weak,,,,,,,,,,,,very_weak,,,,,,,,,,,,,,,very_weak,,,,,,,,,,,,,,,very_weak,,,,,,,,,,strong,weak,very_weak,91.765,82.19,81.85,88.16,85.375,57.265,93.61,61.98,85.33500000000001,0.55,47.865,88.315,19.99,91.665,88.91,44.88,17.26,92.525,90.85,66.565,89.77000000000001,15.88,45.385000000000005,78.73,85.735,21215.1993033148,10117.0595876098,10080.1282118915,17541.7176417105,13055.2603216085,12922.4544322626,22155.450632306,5267.99470833601,10590.3949134696,24.848109785001,12902.0571057967,17828.3508951599,2317.86152275973,20092.5376951526,22863.6304862297,1314.32174408637,922.797608569393,22340.32036925,19374.7833374091,6747.9500729942,18276.9913931432,771.537967610501,2400.47977943796,10669.8703770065,Transmembrane protein 238,C9JI98,,,,,,bacteria
sp|C9JI98|TM238_HUMAN,sp,C9JI98,TM238,HUMAN,0283361|tr|A0A3R6J6E4|A0A3R6J6E4_9BACT,283361,tr,A0A3R6J6E4,A0A3R6J6E4,AAAPAV,2,7,AAAPAV,129,134,CKQQKAAAPAVGKQYS,6,,,,,,,,,,,,,,,,,,,,,,,,,,,,strong,weak,very_weak,,weak,very_weak,,,,,,very_weak,,,,,,,,,,,,,,,,,weak,very_weak,,,,,,,,,,,,,,weak,very_weak,,,,,,,,,,strong,weak,very_weak,87.945,58.62,40.28,81.91,70.025,46.21,74.25,46.17,68.395,1.525,7.965,79.005,43.510000000000005,80.89,57.135,35.474999999999994,3.535,77.31,53.71,52.97,71.8,8.86,32.775,74.06,45.48,20960.568884016,3886.73988527381,2553.43302919759,14150.8805380499,6472.42056671354,8563.33985208508,14151.9523443675,2646.07944383894,5923.23100035103,53.0840066334995,2541.85577114672,13676.1203288765,5684.69649843095,13281.0803302512,10387.0351408875,529.156458432721,307.291210921999,16514.5201956187,8561.48698379708,4075.06061293127,9795.634709715,626.039010044386,1012.73100815228,7941.0377818044,Transmembrane protein 238,C9JI98,,,,,,bacteria
sp|C9JI98|TM238_HUMAN,sp,C9JI98,TM238,HUMAN,0283361|tr|A0A416ABF6|A0A416ABF6_9BACT,283361,tr,A0A416ABF6,A0A416ABF6,LQLATL,159,164,LQLATL,99,104,YVAVSLQLATLMSVVI,6,,,,,,,,,,,,,,,,,,,,,,,,,,,,,,,,,,,,,,,,,,,,,,,,,,,,,,very_weak,,,,,,,,,,,,,,,,,,,,,,,,,,,,,,very_weak,44.005,20.95,55.99,37.91,35.56,51.955,49.260000000000005,42.07,44.995,53.37,47.205,34.99,50.010000000000005,28.78,51.61,15.335,38.565,23.49,22.08,48.745,37.565000000000005,51.375,45.385000000000005,48.055,57.425,1408.69635759018,145.541746338569,1121.56433504599,2032.94941177786,255.03018423328,2659.71369636088,2343.22854876243,248.786175757583,254.768178756626,1235.1915274712,2534.7700681322,330.53427275119,3534.00723103475,181.727161896535,2058.24701592356,32.0579173526811,481.436039963264,446.198734132913,457.2489375487,641.654066140259,477.472743606053,1145.1197682117,444.146835990922,514.555902867232,Transmembrane protein 238,C9JI98,,,,,,bacteria
sp|C9JI98|TM238_HUMAN,sp,C9JI98,TM238,HUMAN,0283361|tr|A0A3R6JBT8|A0A3R6JBT8_9BACT,283361,tr,A0A3R6JBT8,A0A3R6JBT8,LLLAVA,38,43,LLLAVA,345,350,SFIIGLLLAVAAVPYV,6,,,,,,,,,,,,very_weak,,,very_weak,,,,,,,,weak,very_weak,,,very_weak,,,,,,,,,,,,very_weak,,,very_weak,,,,,,,,,very_weak,,,very_weak,,,,,,,strong,weak,very_weak,,,,,,,,,,,,very_weak,,,,,,,strong,weak,very_weak,21.805,37.52,38.94,17.025,15.04,29.015,23.02,6.9350000000000005,16.165,27.055,37.045,36.665,19.935,36.17,49.13,12.355,38.905,25.76,0.71,38.395,39.515,46.105,16.63,31.950000000000003,44.4,722.017821890274,326.673131922274,501.246853409388,939.75539343871,134.526323632815,1350.18329454951,1180.59790270343,48.7973581404766,65.7122259974154,431.336151156233,1703.84460439656,461.099240411414,1501.13289334339,471.303237564401,2035.01809340383,37.4271677429232,575.734122959601,783.229201300703,38.8493997676132,614.243552803223,754.711211811387,631.966706018718,106.212851860813,315.78503371247,Transmembrane protein 238,C9JI98,,,,,,bacteria
sp|C9JI98|TM238_HUMAN,sp,C9JI98,TM238,HUMAN,0283361|tr|A0A416A4I0|A0A416A4I0_9BACT,283361,tr,A0A416A4I0,A0A416A4I0,GMAALL,48,53,GMAALL,221,226,DGELQGMAALLDSPTV,6,,weak,very_weak,,,very_weak,,,,,,,,,,,,,,,,,,,,,,,,,,,,,,,,,,strong,weak,very_weak,,,,,,,,weak,very_weak,,,very_weak,,weak,very_weak,,,,,,,,,very_weak,,,,,,very_weak,,,,,weak,very_weak,,,,strong,weak,very_weak,5.85,19.855,32.96,52.365,40.055,43.900000000000006,58.35,37.475,57.905,20.205,25.39,46.235,0.485,28.885,49.355,16.735,2.625,32.525,20.075,15.885000000000002,23.725,13.895,28.645,3.43,39.905,776.075805675776,693.969349516174,1852.75846862617,5973.62510564453,1992.8121849328,8360.09989260977,7806.43754846355,1701.57858041582,3253.55314448985,432.555949635083,5213.89778258559,3605.84884994843,323.294045753622,2113.14884351467,5770.83758028446,172.814043334025,135.656178203727,4094.95005704621,1646.62738931051,665.410255309128,1859.18444610145,578.78833085512,746.088757215208,174.075134480026,Transmembrane protein 238,C9JI98,,,,,,bacteria
sp|C9JI98|TM238_HUMAN,sp,C9JI98,TM238,HUMAN,0283361|tr|A0A416AGQ0|A0A416AGQ0_9BACT,283361,tr,A0A416AGQ0,A0A416AGQ0,RLARKL,114,119,RLARKL,221,226,LTGPERLARKLDLPVI,6,,,,,,,,,,,,,,,very_weak,,,,,,,,,,,,very_weak,,,,,,,,,,,,,,,,,,,,,,,,,,,,,,,,,,,,very_weak,,,,,,,,,,,,,,,,,,,,,very_weak,48.415,22.64,21.88,43.69,16.185,46.89,30.545,30.735,18.72,84.955,38.665,23.78,77.97999999999999,36.795,23.605,46.5,67.225,39.07,14.715,47.795,33.870000000000005,25.995,42.89,49.185,24.51,3084.81820108073,412.088888394367,1112.31931470814,4299.35565151214,602.742071222608,6668.33010220372,2594.00537157236,880.628655152477,491.3027181524,6268.89030960318,5925.47450673873,1752.36193361728,8179.80672560529,1443.34874288676,2530.93338369158,424.796483658548,4333.44830833088,3516.27159794431,702.004657531341,2114.9329728138,1396.05699701855,1214.16312430656,1116.06851915722,1511.82549815631,Transmembrane protein 238,C9JI98,,,,,,bacteria
sp|C9JI98|TM238_HUMAN,sp,C9JI98,TM238,HUMAN,0283361|tr|A0A3R6LTY9|A0A3R6LTY9_9BACT,283361,tr,A0A3R6LTY9,A0A3R6LTY9,VALDVA,42,47,VALDVA,229,234,EARKQVALDVAPYENQ,6,,,very_weak,,,very_weak,,,,strong,weak,very_weak,,,,,,very_weak,strong,weak,very_weak,,,,,,,,,,,,very_weak,,,,,,,strong,weak,very_weak,,,,,,,strong,weak,very_weak,,,,,,,,,,,weak,very_weak,,weak,very_weak,,,very_weak,,,very_weak,,,,,weak,very_weak,,,,strong,weak,very_weak,10.945,16.175,33.76,1.26,45.775,12.685,1.075,40.205,20.305,25.495,16.355,36.135000000000005,1.715,27.605,26.805,27.03,21.165,29.045,7.295,4.73,19.945,13.275,41.73,6.545,37.095,1597.45569168246,753.5770176011,2707.6815653155,129.30592982003,3165.62970826326,3047.00206713269,128.01409709654,2196.93995175881,735.755510276486,2253.12653691947,4551.62992706724,3094.31186166289,638.012654188501,2355.40426208718,4568.25667158537,305.993951203591,1384.77406809495,4364.22112145369,936.537676204044,321.341105094556,1456.98366678693,1238.4165745366,1849.8339994748,423.45192833157,Transmembrane protein 238,C9JI98,,,,,,bacteria
sp|C9JI98|TM238_HUMAN,sp,C9JI98,TM238,HUMAN,0283361|tr|A0A3R6LPL7|A0A3R6LPL7_9BACT,283361,tr,A0A3R6LPL7,A0A3R6LPL7,PGAAGA,168,173,PGAAGA,230,235,SAWYAPGAAGAFVVES,6,,,,,,,,,,,,,,,,,,,,,,,,very_weak,,,,strong,weak,very_weak,,,,,,,,,,,weak,very_weak,,,,,,,,weak,very_weak,,,very_weak,,weak,very_weak,,,,,,,,,,,,,,,very_weak,,weak,very_weak,,,,,,,strong,weak,very_weak,65.405,83.9,53.58,26.97,68.51,25.25,77.42,17.935000000000002,60.015,0.905,34.725,67.22,7.04,78.57,82.5,16.505,8.805,74.37,64.275,39.705,73.9,15.735,2.97,50.755,56.53,6607.42685281076,6696.02083121087,3722.11337059257,3951.83129376589,4752.17406394609,4155.92213827165,12885.5951239364,732.736650207316,3879.30350975683,18.6630279188347,7027.44891319072,5676.09201517648,523.648901876582,8070.70773392764,12583.5836102194,144.640652688903,157.220811538805,8964.08005392331,8995.94907992158,2353.39181109452,6033.64580189286,241.312516080532,130.401815603044,3724.8932065851,Transmembrane protein 238,C9JI98,,,,,,bacteria
sp|C9JI98|TM238_HUMAN,sp,C9JI98,TM238,HUMAN,0283361|tr|A0A3R6J7V5|A0A3R6J7V5_9BACT,283361,tr,A0A3R6J7V5,A0A3R6J7V5,ALLVFL,76,81,ALLVFL,21,26,VSLLGALLVFLLFVQG,6,,,,,,,,,,,,,,,,,,,,,,,,,,,,,,,,,,,,,,,,,,,,,,,,,,,,,,,,,,,,,,,,,,,,,,,,,,,,,,,,,,,,,57.19,79.25,87.64500000000001,87.2,70.305,88.7,89.435,78.315,84.61,89.99000000000001,77.225,60.81,89.95,61.665,69.885,59.55500000000001,78.57,60.245,56.97,90.02000000000001,70.76,70.515,82.045,84.735,84.325,3345.04038289644,4132.47125248716,10016.3100779774,12836.6128717445,2701.77013180036,18572.6245664027,15781.0169171869,4374.00659591599,7578.64926739995,8068.87415361047,11630.6834395678,1876.74765704677,11683.4042810513,1536.01357805797,5502.54221722964,615.554207007939,4198.76942411286,2835.28293855148,2941.33647577384,10191.9903891147,2761.58942835805,3950.2068260802,4701.6441658459,6663.64201047048,Transmembrane protein 238,C9JI98,,,,,,bacteria
