human_id,database,protein,gene,species,pathogen_id,pathogen_species,database_pathogen,pathogen_protein,pathogen_gene,human_seq,human_start,human_end,pathogen_seq,pathogen_start,pathogen_end,extended_pathogen_seq,pathogen_length,binding_rank_strong_HLA_DQA10101_DQB10501,binding_rank_weak_HLA_DQA10101_DQB10501,binding_rank_very_weak_HLA_DQA10101_DQB10501,binding_rank_strong_DRB4_0101,binding_rank_weak_DRB4_0101,binding_rank_very_weak_DRB4_0101,binding_rank_strong_DRB1_0802,binding_rank_weak_DRB1_0802,binding_rank_very_weak_DRB1_0802,binding_rank_strong_DRB3_0101,binding_rank_weak_DRB3_0101,binding_rank_very_weak_DRB3_0101,binding_rank_strong_DRB1_1501,binding_rank_weak_DRB1_1501,binding_rank_very_weak_DRB1_1501,binding_rank_strong_DRB3_0202,binding_rank_weak_DRB3_0202,binding_rank_very_weak_DRB3_0202,binding_rank_strong_DRB1_0301,binding_rank_weak_DRB1_0301,binding_rank_very_weak_DRB1_0301,binding_rank_strong_DRB1_0701,binding_rank_weak_DRB1_0701,binding_rank_very_weak_DRB1_0701,binding_rank_strong_DRB1_1302,binding_rank_weak_DRB1_1302,binding_rank_very_weak_DRB1_1302,binding_rank_strong_HLA_DQA10501_DQB10301,binding_rank_weak_HLA_DQA10501_DQB10301,binding_rank_very_weak_HLA_DQA10501_DQB10301,binding_rank_strong_HLA_DPA10201_DPB11401,binding_rank_weak_HLA_DPA10201_DPB11401,binding_rank_very_weak_HLA_DPA10201_DPB11401,binding_rank_strong_HLA_DPA10103_DPB10201,binding_rank_weak_HLA_DPA10103_DPB10201,binding_rank_very_weak_HLA_DPA10103_DPB10201,binding_rank_strong_DRB5_0101,binding_rank_weak_DRB5_0101,binding_rank_very_weak_DRB5_0101,binding_rank_strong_HLA_DQA10301_DQB10302,binding_rank_weak_HLA_DQA10301_DQB10302,binding_rank_very_weak_HLA_DQA10301_DQB10302,binding_rank_strong_HLA_DPA10301_DPB10402,binding_rank_weak_HLA_DPA10301_DPB10402,binding_rank_very_weak_HLA_DPA10301_DPB10402,binding_rank_strong_HLA_DPA10201_DPB10501,binding_rank_weak_HLA_DPA10201_DPB10501,binding_rank_very_weak_HLA_DPA10201_DPB10501,binding_rank_strong_HLA_DQA10501_DQB10201,binding_rank_weak_HLA_DQA10501_DQB10201,binding_rank_very_weak_HLA_DQA10501_DQB10201,binding_rank_strong_DRB1_0101,binding_rank_weak_DRB1_0101,binding_rank_very_weak_DRB1_0101,binding_rank_strong_HLA_DQA10102_DQB10602,binding_rank_weak_HLA_DQA10102_DQB10602,binding_rank_very_weak_HLA_DQA10102_DQB10602,binding_rank_strong_HLA_DPA10103_DPB10401,binding_rank_weak_HLA_DPA10103_DPB10401,binding_rank_very_weak_HLA_DPA10103_DPB10401,binding_rank_strong_DRB1_1201,binding_rank_weak_DRB1_1201,binding_rank_very_weak_DRB1_1201,binding_rank_strong_DRB1_0401,binding_rank_weak_DRB1_0401,binding_rank_very_weak_DRB1_0401,binding_rank_strong_HLA_DPA10201_DPB10101,binding_rank_weak_HLA_DPA10201_DPB10101,binding_rank_very_weak_HLA_DPA10201_DPB10101,binding_rank_strong_HLA_DQA10401_DQB10402,binding_rank_weak_HLA_DQA10401_DQB10402,binding_rank_very_weak_HLA_DQA10401_DQB10402,binding_rank_strong_DRB1_0901,binding_rank_weak_DRB1_0901,binding_rank_very_weak_DRB1_0901,binding_rank_strong_DRB1_0405,binding_rank_weak_DRB1_0405,binding_rank_very_weak_DRB1_0405,binding_rank_strong_DRB1_1101,binding_rank_weak_DRB1_1101,binding_rank_very_weak_DRB1_1101,binding_rank_strong,binding_rank_weak,binding_rank_very_weak,Rank_average_HLA_DQA10101_DQB10501,Rank_average_DRB4_0101,Rank_average_DRB1_0802,Rank_average_DRB3_0101,Rank_average_DRB1_1501,Rank_average_DRB3_0202,Rank_average_DRB1_0301,Rank_average_DRB1_0701,Rank_average_DRB1_1302,Rank_average_HLA_DQA10501_DQB10301,Rank_average_HLA_DPA10201_DPB11401,Rank_average_HLA_DPA10103_DPB10201,Rank_average_HLA_DQA10301_DQB10302,Rank_average_HLA_DPA10301_DPB10402,Rank_average_HLA_DPA10201_DPB10501,Rank_average_DRB1_0101,Rank_average_HLA_DQA10102_DQB10602,Rank_average_HLA_DPA10103_DPB10401,Rank_average_DRB1_1201,Rank_average_DRB1_0401,Rank_average_HLA_DPA10201_DPB10101,Rank_average_HLA_DQA10401_DQB10402,Rank_average_DRB1_0901,Rank_average_DRB1_0405,Rank_average_DRB1_1101,nM_HLA_DQA10101_DQB10501,nM_DRB4_0101,nM_DRB1_0802,nM_DRB3_0101,nM_DRB1_1501,nM_DRB3_0202,nM_DRB1_0301,nM_DRB1_0701,nM_DRB1_1302,nM_HLA_DQA10501_DQB10301,nM_HLA_DPA10201_DPB11401,nM_HLA_DPA10103_DPB10201,nM_HLA_DQA10301_DQB10302,nM_HLA_DPA10301_DPB10402,nM_HLA_DPA10201_DPB10501,nM_DRB1_0101,nM_HLA_DQA10102_DQB10602,nM_HLA_DPA10103_DPB10401,nM_DRB1_1201,nM_DRB1_0401,nM_HLA_DPA10201_DPB10101,nM_HLA_DQA10401_DQB10402,nM_DRB1_0901,nM_DRB1_0405,Gene description,Uniprot,# MIM Number,MIM Entry Type,Entrez Gene ID,HGNC,Ensembl Gene ID,type
sp|Q01780|EXOSX_HUMAN,sp,Q01780,EXOSX,HUMAN,0102041|tr|E9RHA9|E9RHA9_9BETA,102041,tr,E9RHA9,E9RHA9,LGSVVA,40,45,LGSVVA,194,199,AISGLLGSVVAPGDAF,6,,,very_weak,,weak,very_weak,,weak,very_weak,,,,,,,,,very_weak,,,,,,very_weak,,,,strong,weak,very_weak,,,very_weak,,,,,,,strong,weak,very_weak,,,,,,,,weak,very_weak,,weak,very_weak,strong,weak,very_weak,,,,,,,,weak,very_weak,,,,,weak,very_weak,,weak,very_weak,,weak,very_weak,,,very_weak,strong,weak,very_weak,18.65,5.69,7.375,46.04,26.925,16.785,28.825,16.57,23.685,0.5449999999999999,10.155,42.245,1.665,32.265,47.65,9.895,0.09,47.895,23.885,4.83,42.68,4.404999999999999,6.205,7.105,19.65,1906.95990610849,286.39441405674,267.343540919216,4967.73152333312,495.83124834087306,2062.0809838628697,3281.76654251886,443.772159633141,615.0548976228309,30.841570662058807,2156.3396189398604,2526.41903176367,611.108034960596,1948.88625117083,5661.004245328771,23.5918390151802,18.3778825386412,4448.26888215758,623.241009627461,178.447914830895,2156.96965111002,185.399363846223,155.337167269796,342.760635997313,Exosome component 10,Q01780,605960.0,gene,5394.0,EXOSC10,ENSG00000171824,virus
sp|Q01780|EXOSX_HUMAN,sp,Q01780,EXOSX,HUMAN,0001259|tr|Q1GBB7|Q1GBB7_LACDA,1259,tr,Q1GBB7,Q1GBB7,PQALSK,213,218,PQALSK,144,149,THVVLPQALSKMIPAL,6,,,,strong,weak,very_weak,,,,,,,,,,,,,,,,,,,,,,,,,,,,,,,,,,,,,,,very_weak,,,,,,,,,very_weak,,weak,very_weak,,,,,weak,very_weak,,,,,,,,,,,,,,,,,,,strong,weak,very_weak,52.655,0.73,43.285,46.53,42.445,50.61,27.94,33.45,46.015,46.895,32.655,49.255,51.565000000000005,14.47,25.2,19.955,7.68,38.34,9.425,32.08,34.364999999999995,41.66,30.575,36.44,34.245000000000005,5082.55797737473,64.8919275989111,742.979264267342,4111.42078639972,473.603561484733,3002.23413065081,2127.83245760401,197.733934524088,618.270869369603,954.873427095813,2504.59096921592,1675.54454320028,3553.60054218675,657.857873071361,1897.43076940963,63.3655109185592,119.196469256133,2425.49098774992,569.051774043834,733.942704988732,1101.46882990355,301.123236110573,182.036125114147,805.226824691385,Exosome component 10,Q01780,605960.0,gene,5394.0,EXOSC10,ENSG00000171824,bacteria
sp|Q01780|EXOSX_HUMAN,sp,Q01780,EXOSX,HUMAN,0001259|tr|Q1G9X3|Q1G9X3_LACDA,1259,tr,Q1G9X3,Q1G9X3,KKGPLT,670,675,KKGPLT,80,85,TESSLKKGPLTTWPSL,6,,,,,,,,,,,,,,,,,,,,,,,,,,,,,,,,,,,,,,,,,,,,,,,,,,,,,,,,,,,,,,,,,,,,,,,,,,,,,,,,,,,,,90.38,55.635,62.975,78.935,65.44500000000001,74.335,76.755,62.77,73.73,62.545,60.75,79.25999999999999,90.73,76.82,70.59,59.05,77.535,79.385,60.190000000000005,70.315,73.39,42.085,53.57,72.96000000000001,64.805,18542.9075174768,2605.48184189886,3265.68544565793,9916.67116570802,3058.59579646186,10232.0989550387,11445.6737321239,2688.64745501571,5124.80155909434,2661.6424887286,9220.73071835342,7541.59446597404,12614.6644926268,6245.87115502704,9041.12787110629,639.297933969582,5838.477918202,10447.9009026517,6475.92302179758,3358.6765174314,5584.47275272862,1020.34207298728,1626.42413473087,4072.32787198663,Exosome component 10,Q01780,605960.0,gene,5394.0,EXOSC10,ENSG00000171824,bacteria
sp|Q01780|EXOSX_HUMAN,sp,Q01780,EXOSX,HUMAN,0001259|sp|Q1G9P3|SYP_LACDA,1259,sp,Q1G9P3,SYP,TPADAV,266,271,TPADAV,14,19,PTLKETPADAVAKSHQ,6,,,,,,,,,,,,,,,,,,,,,,,,very_weak,,,,,,very_weak,,,,,,,,,,,,,,,,,,,,,,,,,,,,,,,,,,,,,,,,,,,,,,,,,,,,,,very_weak,66.28,21.155,60.015,38.870000000000005,44.635000000000005,34.835,42.49,18.25,32.114999999999995,13.97,34.76,60.655,41.49,58.75,64.21000000000001,27.275,42.345,56.145,41.445,39.23,61.435,25.2,28.615,51.775,66.985,13745.5471292592,1648.16029070416,6690.37215718381,7466.57319930831,6388.92757840783,9272.75539016039,8197.70402303116,1279.26043100466,1708.33025733235,724.106661065561,9117.16079716217,9898.12628775813,4751.71132924889,10147.5364873125,13915.3893456661,787.903998546361,3755.97449843848,14340.3086478827,8008.25253615632,3582.3609330358,8116.68290445424,2164.77862241767,2010.37573937715,6195.12391575244,Exosome component 10,Q01780,605960.0,gene,5394.0,EXOSC10,ENSG00000171824,bacteria
sp|Q01780|EXOSX_HUMAN,sp,Q01780,EXOSX,HUMAN,0001259|tr|Q1GBB7|Q1GBB7_LACDA,1259,tr,Q1GBB7,Q1GBB7,LPQALSK,212,218,LPQALSK,143,149,MTHVVLPQALSKMIPAL,7,,,,strong,weak,very_weak,,,,,,,,,,,,,,,,,,,,,,,,,,,,,,,,,very_weak,,,,,,very_weak,,,,,,,,,,,weak,very_weak,,,,,,very_weak,,,,,,,,,,,,,,,,,,,strong,weak,very_weak,46.015,0.73,33.595,46.57,42.445,50.61,27.405,33.45,46.015,46.895,29.885,40.455,43.56,15.62,27.57,22.555,7.68,41.72,10.82,34.2,33.095,41.46,30.575,35.415,28.57,3622.03707638039,64.8919275989111,641.223772089351,3822.63788938591,473.603561484733,3002.23413065081,1905.08323775606,197.733934524088,618.270869369603,954.873427095813,2053.77565473938,1460.58235054981,3145.96224456185,573.129947198267,1562.48094050775,58.9555788675024,119.196469256133,2140.55584055709,527.16207720688,632.028248671901,897.986390914625,292.703737999393,182.036125114147,614.456260954105,Exosome component 10,Q01780,605960.0,gene,5394.0,EXOSC10,ENSG00000171824,bacteria
sp|Q01780|EXOSX_HUMAN,sp,Q01780,EXOSX,HUMAN,0001259|tr|Q1GBU6|Q1GBU6_LACDA,1259,tr,Q1GBU6,Q1GBU6,ESYGYV,526,531,ESYGYV,28,33,LKKVLESYGYVMTAPR,6,,,very_weak,,,,,,,,,,,weak,very_weak,,,,,,,,weak,very_weak,,,,,weak,very_weak,,,,,weak,very_weak,,weak,very_weak,,,,,,very_weak,,,very_weak,,,,,,very_weak,,weak,very_weak,,,very_weak,,,very_weak,,,,,,very_weak,,weak,very_weak,,weak,very_weak,,,,,,,,weak,very_weak,11.505,42.38,26.125,30.65,6.285,31.455,38.6,5.735,27.275,2.46,20.095,3.27,20.735,15.12,17.07,14.975,7.76,10.33,11.765,21.4,13.67,8.65,4.994999999999999,21.715,26.42,701.670533541935,860.18397829945,872.340253752256,2438.25243012819,106.627370459517,2977.74454412921,2680.68844256435,71.808033614246,251.525257333273,66.689210218664,2205.22764502939,170.860004726248,1393.61212593133,406.790625648785,881.658302959969,53.4968434265784,262.397246669669,487.933483735362,371.111894965984,360.540391346384,415.743304656355,242.794846864056,73.1394828565784,350.019987450377,Exosome component 10,Q01780,605960.0,gene,5394.0,EXOSC10,ENSG00000171824,bacteria
sp|Q01780|EXOSX_HUMAN,sp,Q01780,EXOSX,HUMAN,0001259|tr|Q1GC21|Q1GC21_LACDA,1259,tr,Q1GC21,Q1GC21,KIAEEL,539,544,KIAEEL,629,634,PEVSEKIAEELAGRWK,6,,,,,,,,,,,,,,,,,,,,,,,,,,,,,,,,,,,,,,,,,,very_weak,,,,,,very_weak,,,very_weak,,,,,,,,,,,,,,,,,,,,,,,,,,,,,,,,,very_weak,45.895,35.96,51.4,28.995,55.675,62.80499999999999,30.285000000000004,50.635000000000005,54.98,38.055,23.425,33.845,18.545,36.665,19.81,45.805,34.045,40.345,30.79,46.95,27.815,35.004999999999995,40.505,51.05,49.505,8003.57493686335,1927.2460079236,4380.96902123537,3382.45405627341,4316.27491683679,14010.7186560574,3045.7824994533,3479.67360431917,3651.27233254777,3741.77781231853,5208.14680837034,3448.9750471123,1536.94454234461,2827.83818647119,3177.98426204554,898.112707975591,2968.48004785886,5357.3772410185,3087.99065090201,3431.70328334521,1875.81381375446,2908.39293453787,2177.13394279702,3621.09664717399,Exosome component 10,Q01780,605960.0,gene,5394.0,EXOSC10,ENSG00000171824,bacteria
sp|Q01780|EXOSX_HUMAN,sp,Q01780,EXOSX,HUMAN,0001259|tr|Q1G9S8|Q1G9S8_LACDA,1259,tr,Q1G9S8,Q1G9S8,YLLYIY,443,448,YLLYIY,67,72,PVFAFYLLYIYKTGRY,6,,,very_weak,,,,,,,,,,,weak,very_weak,,,,,,very_weak,,,,,,very_weak,,,,,,,,,very_weak,,,very_weak,,,,,,,,,,,,,,,very_weak,,,,,,,,,very_weak,,,,,,,,,,,,,,,,,,very_weak,,weak,very_weak,19.435,37.155,20.130000000000003,43.735,7.785,33.76,10.35,39.31,12.87,79.265,53.845,17.62,76.305,20.285,29.155,10.1,73.6,20.27,10.87,25.83,33.03,34.605000000000004,39.355,24.56,12.725,643.461671704105,282.71527502019,341.531591548402,2812.94640364633,28.0644651413473,2508.87629190419,435.255429859695,317.962123833659,259.646502486335,4454.09633920831,4195.00044711361,258.855482311323,6890.64170968625,222.819470547611,528.355515429549,36.1636646094233,3079.21595006362,398.276287137683,174.678884462615,436.028451727431,418.274497385619,415.388094708061,444.079563102119,215.952888674693,Exosome component 10,Q01780,605960.0,gene,5394.0,EXOSC10,ENSG00000171824,bacteria
sp|Q01780|EXOSX_HUMAN,sp,Q01780,EXOSX,HUMAN,0001259|tr|Q1GA26|Q1GA26_LACDA,1259,tr,Q1GA26,Q1GA26,AISVRQ,764,769,AISVRQ,118,123,LVHDKAISVRQSVAKH,6,,,,,,,,,very_weak,,,very_weak,,,,,,,,,very_weak,,,,,,very_weak,,,,,,,,,,,weak,very_weak,,,,,,,,,,,,,,,,strong,weak,very_weak,,,,,,,,,,,,,strong,weak,very_weak,,,,,,,,,,strong,weak,very_weak,60.29,25.73,19.69,15.235,37.535,25.07,19.26,40.4,14.41,29.525,25.805,47.7,37.715,49.075,24.085,39.24,0.865,48.505,32.215,28.44,41.77,0.825,40.675,40.255,22.405,8488.25110301445,536.355964671933,531.606841337455,212.212118620855,1115.70630952799,816.120627747961,327.278096173577,731.469259859068,102.898510421249,811.901882387845,3757.15320888104,3634.40287315388,3906.9358796577,3113.31955260602,3493.06480620088,196.02764978193,92.0858617563978,5672.8380032417,1908.63190222577,523.076972168472,2674.60442163078,109.505911208984,755.487362395622,1288.49809832847,Exosome component 10,Q01780,605960.0,gene,5394.0,EXOSC10,ENSG00000171824,bacteria
sp|Q01780|EXOSX_HUMAN,sp,Q01780,EXOSX,HUMAN,0001259|sp|Q1GB17|POTA_LACDA,1259,sp,Q1GB17,POTA,RPEDLD,227,232,RPEDLD,276,281,VEVVLRPEDLDITAPA,6,,,,strong,weak,very_weak,,,,,,,,,,,,,,,,,,,,,,,,,,,,,,,,,,,,,,,,,,,,,very_weak,,,,,,,,,,,,,,,,,,,,,,,,,,,,,,,strong,weak,very_weak,21.15,1.51,52.755,26.32,47.18,56.76,25.93,52.76,59.02,58.44,53.095,36.61,28.89,27.145000000000003,39.785,39.56999999999999,57.74,33.825,38.76,36.19,32.06,48.745000000000005,52.73,46.04,55.88,2813.12902231243,172.423694641325,6125.60476483907,3856.95444484526,4446.1035915921,13972.7204662409,4149.45205345321,4315.85462706207,4506.59562573009,5819.36843542527,12577.4582802106,4811.72561651885,2295.25117975904,3120.33401158995,7676.11181611483,684.550497336875,5738.64664178863,6491.9885002751,3958.50716462636,2776.32948101972,2717.80775058807,4024.49564239169,3205.61172685363,3215.99903829799,Exosome component 10,Q01780,605960.0,gene,5394.0,EXOSC10,ENSG00000171824,bacteria
sp|Q01780|EXOSX_HUMAN,sp,Q01780,EXOSX,HUMAN,0001259|tr|Q1G9S2|Q1G9S2_LACDA,1259,tr,Q1G9S2,Q1G9S2,VGILLD,124,129,VGILLD,405,410,SLGRSVGILLDDRLAG,6,,weak,very_weak,,weak,very_weak,,,,,weak,very_weak,,,,,,,strong,weak,very_weak,,,very_weak,,,,,,,,,,,,,,,,,weak,very_weak,,,,,,,,,very_weak,,,,,,,,,,,,very_weak,,,,,,,,,,,,,,,,,,,strong,weak,very_weak,6.94,4.99,35.129999999999995,8.635,31.845,33.26,0.335,18.285,43.085,45.375,24.315,49.04,7.9,39.955,33.21,23.985,26.025,37.535,15.175,24.795,33.655,40.28,24.85,27.115,20.655,816.703632006627,284.861563705931,1688.41090909542,563.458094188981,987.102490433933,3985.62546859968,23.4846195848127,135.632695920033,417.12205042476,1810.86128721409,2868.76376650416,1977.06990351687,893.615142665178,1047.10547411782,2239.44325577415,119.865101853722,564.880368773597,2448.13904537139,1261.62471557192,1007.64855517307,812.534619896352,857.452067747943,203.633070364257,635.408590203767,Exosome component 10,Q01780,605960.0,gene,5394.0,EXOSC10,ENSG00000171824,bacteria
sp|Q01780|EXOSX_HUMAN,sp,Q01780,EXOSX,HUMAN,0001259|tr|Q1GBQ9|Q1GBQ9_LACDA,1259,tr,Q1GBQ9,Q1GBQ9,RSKVTE,100,105,RSKVTE,160,165,VTARKRSKVTEGATVS,6,,,,,,,,,,,,,,,,,,,,,,,weak,very_weak,,,,,,,,,very_weak,,,,,,,,,,,,,,,,,,,,,,,,,,,,,,,,,,,,,,,very_weak,,,,,,,,,,,weak,very_weak,84.825,53.175,35.53,73.525,62.48,55.08,77.555,8.36,47.475,52.105,12.945,63.905,73.53999999999999,65.225,49.79,41.685,50.23,64.94,70.97,60.635,55.49,18.025,29.725,65.105,41.255,21528.0563960519,2745.02613836071,2441.52591306168,10913.7824310622,4471.33427346308,10351.6939940433,11090.3145562329,228.399412980945,2682.95174493743,2288.82814946593,4012.49538369492,9845.46875700702,9417.85122286552,9644.09246546327,10722.6436649781,521.082951921553,4241.59950618204,12848.8409511025,8645.26427692085,4344.29274023049,6941.82664639927,1399.50519466259,741.782437491399,4832.33403612296,Exosome component 10,Q01780,605960.0,gene,5394.0,EXOSC10,ENSG00000171824,bacteria
sp|Q01780|EXOSX_HUMAN,sp,Q01780,EXOSX,HUMAN,0001259|tr|Q1GBB7|Q1GBB7_LACDA,1259,tr,Q1GBB7,Q1GBB7,LPQALS,212,217,LPQALS,143,148,MTHVVLPQALSKMIPA,6,,,,strong,weak,very_weak,,,,,,,,,,,,,,,,,,,,,,,,,,,,,,,,,very_weak,,,,,,very_weak,,,,,,,,,,,weak,very_weak,,,,,,very_weak,,,,,,,,,,,,,,,,,,,strong,weak,very_weak,46.015,0.73,33.595,46.57,42.445,50.61,27.405,33.45,46.015,46.895,29.885,40.455,43.56,15.62,27.57,22.555,7.68,41.72,10.82,34.2,33.095,41.46,30.575,35.415,28.57,3622.03707638039,64.8919275989111,641.223772089351,3822.63788938591,473.603561484733,3002.23413065081,1905.08323775606,197.733934524088,618.270869369603,954.873427095813,2053.77565473938,1460.58235054981,3145.96224456185,573.129947198267,1562.48094050775,58.9555788675024,119.196469256133,2140.55584055709,527.16207720688,632.028248671901,897.986390914625,292.703737999393,182.036125114147,614.456260954105,Exosome component 10,Q01780,605960.0,gene,5394.0,EXOSC10,ENSG00000171824,bacteria
sp|Q01780|EXOSX_HUMAN,sp,Q01780,EXOSX,HUMAN,0001259|tr|Q1G8A6|Q1G8A6_LACDA,1259,tr,Q1G8A6,Q1G8A6,AVKKKA,738,743,AVKKKA,214,219,ANPKPAVKKKAVVRYG,6,,,,,,,,,very_weak,,,,,,,,,,,,,,,,,,very_weak,,,,,,,,,,,,very_weak,,,,,,,,,,,,,,,,,,,,,,,,very_weak,,,,,,,,,very_weak,,,,,,,,,very_weak,,,very_weak,86.815,22.380000000000003,10.885,68.74,29.635,42.305,22.835,46.45,14.31,60.845,35.78,41.615,95.0,54.38,28.235,51.55,47.68,63.975,10.39,64.47999999999999,50.26,12.6,46.495000000000005,70.91,13.765,24121.5434960645,881.219602163278,720.745576243135,10329.3176067533,1681.68337038153,8603.55291581271,3459.7391472394,2459.60878506383,929.934000979932,2154.6138073022,6631.06101578936,7986.79275641179,32615.3299044671,8908.38790565439,6064.3412084842,1178.84918745796,3171.56075166153,13133.1822056386,1014.41987363947,5387.60432401478,7408.07168021486,975.255025913964,2371.12976952265,7231.46806754621,Exosome component 10,Q01780,605960.0,gene,5394.0,EXOSC10,ENSG00000171824,bacteria
sp|Q01780|EXOSX_HUMAN,sp,Q01780,EXOSX,HUMAN,0001259|tr|Q1GC31|Q1GC31_LACDA,1259,tr,Q1GC31,Q1GC31,DSKKGP,668,673,DSKKGP,369,374,RPNFNDSKKGPIFFDA,6,,,,,,,,,,,,,,,,,,,,,,,,,,,,,,,,,,,,,,,,,,,,,,,,,,,,,,,,,,,,,,,,,,,,,,,,,,,,,,,,,very_weak,,,very_weak,80.38,69.55000000000001,27.8,37.405,69.49000000000001,30.485,33.36,30.01,21.955,66.87,50.265,49.77,74.41,69.95,51.370000000000005,46.795,78.275,49.36,54.97,62.44,64.695,49.620000000000005,26.95,72.96000000000001,12.375,16794.3600956547,7336.91849658433,3095.85231432144,7015.59738950467,7254.97906882504,6636.08518086019,6166.70162089255,1856.81227704533,1826.62357884986,3584.45460356424,14169.7255299985,4620.65147075295,8465.59666257238,8318.41422187481,9838.75991908258,1726.74621334795,6417.81857248484,8391.27419503788,9943.63911044098,7027.52494904121,5352.04705602203,3956.40904253223,1620.96049473264,6368.56768833109,Exosome component 10,Q01780,605960.0,gene,5394.0,EXOSC10,ENSG00000171824,bacteria
sp|Q01780|EXOSX_HUMAN,sp,Q01780,EXOSX,HUMAN,0001259|tr|Q1G7X5|Q1G7X5_LACDA,1259,tr,Q1G7X5,Q1G7X5,PTSGSV,624,629,PTSGSV,74,79,TGIIQPTSGSVKVAGL,6,,,,,,,,,,,,,,,,,,,,,,,,very_weak,,,very_weak,strong,weak,very_weak,,,,,,,,weak,very_weak,,,,,,,,,,,,,,,very_weak,,,very_weak,,,,,,,,,,,,,,,very_weak,,,very_weak,,,,,,,strong,weak,very_weak,87.68,41.735,33.21,51.27,28.62,24.295,23.815,12.24,18.925,0.725,28.545,70.175,28.205,67.58,47.845,19.455,16.93,69.395,47.04,33.81,66.16,12.17,13.96,57.26,34.44,18003.7818118851,1559.12032596331,1822.71456241714,8666.8052324838,1505.57349398386,3421.21148843444,3397.56584353735,357.181796051663,627.232300041856,23.1591096178647,5615.06975974055,9778.7973281995,3133.83389829581,9082.79838121303,9098.53581767843,166.113257985486,571.587941708319,12867.3441354031,5764.09808694335,1441.50714657164,7674.94915058443,367.070528445588,331.51922192794,3944.78252775145,Exosome component 10,Q01780,605960.0,gene,5394.0,EXOSC10,ENSG00000171824,bacteria
sp|Q01780|EXOSX_HUMAN,sp,Q01780,EXOSX,HUMAN,0001259|tr|Q1G9X3|Q1G9X3_LACDA,1259,tr,Q1G9X3,Q1G9X3,EDLDVP,229,234,EDLDVP,16,21,LAGLEEDLDVPSFAVN,6,,,very_weak,,,,,,,,,very_weak,,,,,,,,weak,very_weak,,,,,,,,,,,,,,,,,,,,,,,,,,,,,,very_weak,,,,,,,,,,,,,,weak,very_weak,,,,,,,,,,,,,,,,,weak,very_weak,17.645,49.105,72.77000000000001,10.46,59.935,34.885,5.734999999999999,44.67,48.75,60.45,61.635000000000005,30.435,22.155,60.195,62.625,61.855,69.475,45.510000000000005,67.72,6.835,51.96,63.395,73.36,33.95,75.68,1561.58519540448,2916.14441489743,7343.19250027631,739.506574229325,4885.58984143524,7077.5055966496,389.758780497929,2313.50192571436,2012.0513273878,4518.41109616086,12427.5759699669,2623.4729808293,1426.22588518655,4270.14892066521,7662.08854417542,1664.50424497427,4701.59329537365,5123.41551614573,6700.36921015994,342.816269423043,2916.64929117359,4719.99334786187,4039.98354147293,1876.09797773,Exosome component 10,Q01780,605960.0,gene,5394.0,EXOSC10,ENSG00000171824,bacteria
sp|Q01780|EXOSX_HUMAN,sp,Q01780,EXOSX,HUMAN,0001259|tr|Q1GBB4|Q1GBB4_LACDA,1259,tr,Q1GBB4,Q1GBB4,VAAGVK,586,591,VAAGVK,70,75,SLSKLVAAGVKSHDAS,6,,,,,,very_weak,,weak,very_weak,,,,,,,,,,,,,,,very_weak,,,,,weak,very_weak,,weak,very_weak,,,,,,very_weak,,,,,,,,,,,,,,weak,very_weak,,weak,very_weak,,,,,,very_weak,,,very_weak,,,,,weak,very_weak,,weak,very_weak,,,,,,very_weak,,weak,very_weak,66.11,16.525,9.495,62.30500000000001,23.09,21.46,26.395,18.825000000000003,24.03,8.485,3.245,49.605,38.01,45.745000000000005,30.85,5.590000000000001,2.975,48.18,14.78,14.975,52.11,6.26,7.205,25.125,14.72,9382.1524822648,505.445768678814,378.005242162379,7556.37824416181,439.681036300101,2754.5169909921,3153.15259667872,329.21012209102,787.392667744476,156.541844124964,730.504347951233,4308.76257876801,4201.13243601969,2987.97535510834,3328.25309157944,13.6790482374331,229.988977882041,6011.81568101115,462.483264048115,584.850512339172,3213.59898294532,123.771457711517,174.644868012761,969.825342727349,Exosome component 10,Q01780,605960.0,gene,5394.0,EXOSC10,ENSG00000171824,bacteria
sp|Q01780|EXOSX_HUMAN,sp,Q01780,EXOSX,HUMAN,0001259|tr|Q1GAQ5|Q1GAQ5_LACDA,1259,tr,Q1GAQ5,Q1GAQ5,QGDRLL,76,81,QGDRLL,94,99,AKYKQQGDRLLEIFSH,6,,,very_weak,,,,,,,,weak,very_weak,,,,,,,,,,,,,,,,,,,,,,,,very_weak,,,,,,,,weak,very_weak,,,very_weak,,,,,weak,very_weak,,,,,weak,very_weak,,,,,,very_weak,,weak,very_weak,,,,,,,,,,,,,,weak,very_weak,18.0,39.09,67.53,9.91,29.515,32.295,22.365,30.0,36.915,72.73,28.455,12.405,29.935,6.26,12.07,9.455,34.34,7.314999999999999,53.45,16.84,4.335,38.365,39.965,21.125,41.465,1841.62618256371,826.222625885884,3300.74697617946,506.266756389266,1275.08717602764,4601.99133649684,1379.55487940429,1307.76818800838,1280.31280351156,5825.60523847628,3981.22928933853,440.662123027147,1959.88214408899,252.900613498018,1153.98795971729,77.3356561472712,1662.38047211677,438.702133856921,2452.72581649159,617.355079418915,237.196614247128,1022.43074423687,1424.467784622,751.679636316612,Exosome component 10,Q01780,605960.0,gene,5394.0,EXOSC10,ENSG00000171824,bacteria
sp|Q01780|EXOSX_HUMAN,sp,Q01780,EXOSX,HUMAN,0001259|sp|Q1GBM0|EFG_LACDA,1259,sp,Q1GBM0,EFG,SLTDPA,355,360,SLTDPA,389,394,TTTGDSLTDPAHPLIL,6,,,,,,,,,,,weak,very_weak,,,,,,,,,,,,,,,,,,,,,,,,,,,,,,,,,,,,,,,very_weak,,,,,,,,,,,,,,,,,,,,,,,,,,,,,,,,weak,very_weak,58.21,83.555,86.54499999999999,7.305,76.565,55.31999999999999,26.515,47.82,57.85,26.65,55.085,79.05000000000001,22.18,71.13499999999999,78.935,63.010000000000005,64.91,65.595,70.16999999999999,58.485,66.985,49.025,55.96,75.035,85.44,9303.5069912384,7791.08024015853,10494.6925307347,790.311704781739,8316.43438277348,11471.9578720321,3231.59070124498,2371.61726649913,3806.87093938769,1380.74951459132,13080.9940647585,10235.1992778205,2156.36295018266,10059.644878278,15227.1626405902,1473.39135446954,4596.11956757802,12051.8980376205,10842.4571868359,4439.03765159831,7589.97362371878,2520.19426590613,2025.06814207496,6924.12352824037,Exosome component 10,Q01780,605960.0,gene,5394.0,EXOSC10,ENSG00000171824,bacteria
sp|Q01780|EXOSX_HUMAN,sp,Q01780,EXOSX,HUMAN,0001259|tr|Q1GAK2|Q1GAK2_LACDA,1259,tr,Q1GAK2,Q1GAK2,NAQKPL,207,212,NAQKPL,4,9,MDQNAQKPLSRLAR,6,,,,,,,,,,,,,,,,,,,,,,,,,,,,,,,,,,,,,,,,,,,,,,,,,,,,,,,,,,,,,,,,,,,,,,,,,,,,,,,,,,,,,92.065,49.83,67.945,90.035,78.44,76.91499999999999,58.97,81.965,63.985,65.935,50.565,65.905,90.425,71.695,51.105,72.36500000000001,66.275,79.74000000000001,71.0,85.545,76.11,40.245,79.345,89.5,46.705,24364.9619939963,3071.62916494486,6178.85705185948,18793.5686217594,8635.82191304552,15623.1874037986,8885.09281548995,9910.23548391359,7901.69814537063,4791.8272031981,14221.3325453707,11998.8125591564,16412.0961530252,11791.4775460833,10551.2790117252,3470.76215160002,7541.6760647955,17838.5774636882,11009.9705281498,9472.73029461738,10048.98390493,3307.64685453235,7384.46403664108,12968.5365552488,Exosome component 10,Q01780,605960.0,gene,5394.0,EXOSC10,ENSG00000171824,bacteria
sp|Q01780|EXOSX_HUMAN,sp,Q01780,EXOSX,HUMAN,0001259|tr|Q1GAH1|Q1GAH1_LACDA,1259,tr,Q1GAH1,Q1GAH1,CCNPVP,554,559,CCNPVP,620,625,MHFAKCCNPVPGDLIV,6,,,,,,,,,,,,,,,,,,,,,,,,,,,,,,,,,,,,,,,,,,,,,,,,,,,,,,,,,,,,,,,,,,,,,,,,,,,,,,,,,,,,,83.57,77.725,72.945,75.14,76.53999999999999,54.645,84.185,60.625,79.60499999999999,55.015,84.63499999999999,85.99000000000001,82.515,86.675,87.07,61.455,83.025,86.025,76.115,45.34,87.66,54.865,69.94,48.42,70.845,12139.1886807138,3695.10845782375,3991.321848521,7244.54644081767,4517.67783257171,5108.91231693618,11724.306737725,1932.86346756532,5194.92114606824,2445.38580925617,16439.8212825468,10743.4307643341,8081.4556461764,11205.9886051192,15060.5257836035,694.352393509353,5710.58828940127,14428.3980735754,7128.53584175349,1018.58824189125,9728.35337275412,1627.16339972893,2061.30023763672,1336.66534406162,Exosome component 10,Q01780,605960.0,gene,5394.0,EXOSC10,ENSG00000171824,bacteria
sp|Q01780|EXOSX_HUMAN,sp,Q01780,EXOSX,HUMAN,0644875|tr|A0A934UD91|A0A934UD91_9STRE,644875,tr,A0A934UD91,A0A934UD91,PTSGSV,624,629,PTSGSV,53,58,NRLIEPTSGSVYFQDQ,6,,,,,,,,,,,,,,,,,,,,,,,weak,very_weak,,,very_weak,,weak,very_weak,,,,,,,,,,,,very_weak,,,,,,,,,,,,,,,,,,,,,very_weak,,,,,,,,,,,,very_weak,,,,,,,,weak,very_weak,53.115,54.03,50.415,22.495,28.985,30.93,27.14,8.35,16.47,3.42,36.95,48.575,16.62,60.915,56.995000000000005,28.995,25.175,49.975,11.69,41.97,42.455,26.53,11.57,44.935,53.41,7109.8180688936,3448.82578176108,3386.04250391011,3863.76266353631,2490.32342731106,6061.78277005068,4785.97212784285,384.364823126889,666.418961895253,120.771161164424,6284.64617317575,4137.84022792658,1608.99107875975,5450.10406495405,8263.06707446463,433.488304753173,1075.6643328745,5884.39335362838,1762.43969018569,2819.68068771737,3090.79848210511,904.803631442684,495.391531130839,3459.92632035477,Exosome component 10,Q01780,605960.0,gene,5394.0,EXOSC10,ENSG00000171824,bacteria
sp|Q01780|EXOSX_HUMAN,sp,Q01780,EXOSX,HUMAN,0644875|tr|A0A934P999|A0A934P999_9STRE,644875,tr,A0A934P999,A0A934P999,SSLDEL,292,297,SSLDEL,81,86,PNSNSSSLDELHSISD,6,,,,,,,,,,,,,,,,,,,,,,,,,,,,,,,,,,,,,,,,,,very_weak,,,,,,,,,,,,,,,,,,,,,,,,,,,,,,,,,,,,,,,,,,very_weak,33.65,70.97999999999999,83.34,33.185,80.03999999999999,86.595,61.83,75.36,79.37,57.32,81.60499999999999,73.745,19.28,68.47,76.905,79.5,31.43,74.71000000000001,67.64,68.03,59.415,54.63,77.78,35.245000000000005,83.4,6032.01395486002,6313.13390877594,11194.8394943424,2754.39778051928,11148.3031006922,18814.3209800421,7155.50481138398,8659.86881430544,8167.60232930928,4188.46952381832,21452.9517085248,8454.24638934837,1896.6507981149,7598.27246237953,13870.5942952948,3971.59194465741,2215.77508139738,11124.6862065517,9421.52030363194,5819.80920205014,5857.52339659483,4141.96116589103,6952.42510133904,2070.80075943113,Exosome component 10,Q01780,605960.0,gene,5394.0,EXOSC10,ENSG00000171824,bacteria
sp|Q01780|EXOSX_HUMAN,sp,Q01780,EXOSX,HUMAN,0644875|tr|A0A934UDD4|A0A934UDD4_9STRE,644875,tr,A0A934UDD4,A0A934UDD4,EKKRLK,795,800,EKKRLK,48,53,VRDASEKKRLKEQGYD,6,,,,,,,,,,,,,,,,,,,,,,,,,,,,,,,,,,,,,,,,,,,,,,,,,,,,,,,,,,,,,,,,,,,,,,,,,,,,,,,,,,,,,95.0,62.965,65.74,93.59,79.37,85.5,63.185,91.465,57.7,95.0,78.28999999999999,85.22999999999999,95.0,84.80000000000001,70.37,90.44,95.0,89.30000000000001,55.760000000000005,91.785,81.625,79.02,93.07,90.62,42.955,37011.2658726497,5603.35650860188,8986.22092624365,19734.026437332,10013.6010880205,23781.5438908508,9921.93007262318,12977.0986985752,9653.17492351962,22851.2648607326,19020.2277457559,18651.9685295152,31988.0027452575,18759.2351818866,13243.6279692376,7069.69904694496,30741.6948825449,21677.6481643665,7694.57192754995,14518.2852362592,13775.7712352325,8681.16436984041,13143.4172564099,14965.1763365458,Exosome component 10,Q01780,605960.0,gene,5394.0,EXOSC10,ENSG00000171824,bacteria
sp|Q01780|EXOSX_HUMAN,sp,Q01780,EXOSX,HUMAN,0644875|tr|A0A934PB05|A0A934PB05_9STRE,644875,tr,A0A934PB05,A0A934PB05,LKFREK,185,190,LKFREK,172,177,YSNHFLKFREKELIAN,6,,,,,,,,,very_weak,,,,,weak,very_weak,,,,,,,,,very_weak,,,very_weak,,,,,,,,weak,very_weak,,,very_weak,,,,,,very_weak,,weak,very_weak,,,,,,very_weak,,,,,,very_weak,,,very_weak,,,,,,very_weak,,weak,very_weak,,,very_weak,,,,,,very_weak,,weak,very_weak,22.07,24.885,13.685,35.725,6.91,35.15,23.245,15.08,13.195,80.91499999999999,26.835,8.215,74.57,16.08,7.369999999999999,16.175,71.81,16.045,17.115000000000002,39.98,15.16,8.4,18.055,28.94,13.985,2123.9681613075,607.252199458727,708.620970622274,4587.7230465129,263.8006527874,5070.58381592906,2893.60912999816,612.524653807855,842.371259993796,6961.75909999907,3944.39841140302,361.309701464059,7415.69019584399,628.733914321293,638.447701239745,217.082053552976,3729.49052842004,1189.22605090028,1303.55834950508,1942.54953367545,512.106536192414,320.646489022644,705.156262278323,1089.32072755965,Exosome component 10,Q01780,605960.0,gene,5394.0,EXOSC10,ENSG00000171824,bacteria
sp|Q01780|EXOSX_HUMAN,sp,Q01780,EXOSX,HUMAN,0644875|tr|A0A934P9K2|A0A934P9K2_9STRE,644875,tr,A0A934P9K2,A0A934P9K2,DSKEAV,734,739,DSKEAV,480,485,NHIYYDSKEAVEFTDL,6,,,,,,,,,,strong,weak,very_weak,,,,,,very_weak,strong,weak,very_weak,,,,,,very_weak,,,,,,,,,very_weak,,,,,weak,very_weak,,,very_weak,,,,,,very_weak,,,,,,,,,very_weak,,,,,,,,,very_weak,,weak,very_weak,,,very_weak,,,very_weak,,,,strong,weak,very_weak,20.29,35.325,30.965,1.4300000000000002,27.855,19.17,0.095,21.175,11.255,44.05,29.275,13.43,8.55,19.56,20.32,28.42,53.19499999999999,12.135,31.78,29.52,12.66,8.17,16.895,18.87,30.585,2138.241059094,2759.17022599832,3495.71140139096,119.120402455172,1602.75339642107,4387.42031801352,34.6799147305356,1364.87129560682,633.404263901164,4043.21950449711,7317.49521332268,909.948042880998,1431.83851557126,1378.43584765905,3176.54041655976,767.234167526543,4380.92162037832,1316.11477042099,4119.7924142864,2130.11292362208,799.488488731458,1351.89359288163,1051.10104404871,1416.29192739146,Exosome component 10,Q01780,605960.0,gene,5394.0,EXOSC10,ENSG00000171824,bacteria
sp|Q01780|EXOSX_HUMAN,sp,Q01780,EXOSX,HUMAN,0644875|tr|A0A934UDD8|A0A934UDD8_9STRE,644875,tr,A0A934UDD8,A0A934UDD8,TKSDGE,18,23,TKSDGE,715,720,ESIEQTKSDGEKARLE,6,,,,,,,,,,,,,,,,,,,,,,,,,,,,,,,,,,,,,,,,,,,,,,,,,,,,,,,,,,,,,,,,,,,,,,,,,,,,,,,,,,,,,68.005,36.395,64.135,48.445,57.345,61.03,27.0,43.27,66.35,59.665,73.605,81.58500000000001,31.125,82.625,75.185,58.875,51.955,76.19,60.59,42.405,74.725,66.385,45.69,34.434999999999995,65.355,19448.0828136302,4939.43256412084,12500.3988561932,11352.6784830824,11986.0965018354,17387.148313284,5103.88455833999,6657.58843497158,10991.2837102556,6442.86549585422,23053.1622404713,19295.078377908,4639.68846066558,18917.6082525124,19375.6218789947,3751.91281502892,7135.48084861626,21878.8798664254,17023.2262925984,6113.48794813326,14034.2352647607,6864.22537350344,5424.33678364925,4602.38969394457,Exosome component 10,Q01780,605960.0,gene,5394.0,EXOSC10,ENSG00000171824,bacteria
sp|Q01780|EXOSX_HUMAN,sp,Q01780,EXOSX,HUMAN,0644875|tr|A0A934PB71|A0A934PB71_9STRE,644875,tr,A0A934PB71,A0A934PB71,LLDEAS,127,132,LLDEAS,424,429,DSAIDLLDEASATVQS,6,,,,,,,,,,,,very_weak,,,,,,,,,,,,,,,,,,,,,,,,,,,,,,very_weak,,,,,,,,,very_weak,,,very_weak,,,,,,,,,,,,,,,,,,,,,,,,,,,,,,very_weak,20.205,38.825,46.77,14.195,30.660000000000004,40.290000000000006,27.405,39.275,34.175,35.05,51.175,55.255,16.425,36.63,61.52,17.205,38.14,49.125,20.14,22.705,46.45,52.93,36.8,29.93,52.45,1918.21729242674,2172.40431018769,3359.87595601321,1088.64912078117,2251.1527572624,7448.57948910166,2996.87913335097,2942.73709191844,1378.2717993488,1293.79268561439,10186.3679116327,5287.06665935074,1157.33903548377,3493.82077172645,8935.70716937361,258.39376935074,1688.59360129558,6828.37294298044,2236.05358457553,1190.86130375263,3269.89289884122,2495.07022102294,1695.56891810793,1571.34768387693,Exosome component 10,Q01780,605960.0,gene,5394.0,EXOSC10,ENSG00000171824,bacteria
sp|Q01780|EXOSX_HUMAN,sp,Q01780,EXOSX,HUMAN,0644875|tr|A0A934P9E8|A0A934P9E8_9STRE,644875,tr,A0A934P9E8,A0A934P9E8,LKIAEEL,538,544,LKIAEEL,84,90,FKDFYLKIAEELLTPLE,7,,weak,very_weak,,,very_weak,,weak,very_weak,,,very_weak,,,very_weak,,weak,very_weak,,,,,weak,very_weak,,,very_weak,,,,,weak,very_weak,strong,weak,very_weak,,weak,very_weak,,weak,very_weak,strong,weak,very_weak,,weak,very_weak,strong,weak,very_weak,strong,weak,very_weak,,,,,weak,very_weak,,,very_weak,,,very_weak,strong,weak,very_weak,,weak,very_weak,,weak,very_weak,,weak,very_weak,,,very_weak,strong,weak,very_weak,7.145,15.46,8.465,10.305,11.005,9.73,27.385,2.865,11.62,31.405,3.1900000000000004,1.345,7.76,1.285,3.82,1.855,46.225,2.615,12.555,14.78,1.36,8.03,2.55,8.445,13.235,422.394887318421,285.908327354898,388.89523231463,701.040687071495,265.978837229877,1276.46753870768,1640.66978488094,71.9013278068182,325.170886529911,2393.27022847276,436.769764979726,46.1341743724877,675.01842172152,38.9280832746812,192.932391753711,15.2350374237147,1166.27661911095,86.5295571807728,649.413789949024,417.844782725023,49.8475575187061,272.285837069094,86.1260493129396,184.918553185559,Exosome component 10,Q01780,605960.0,gene,5394.0,EXOSC10,ENSG00000171824,bacteria
sp|Q01780|EXOSX_HUMAN,sp,Q01780,EXOSX,HUMAN,0644875|tr|A0A934UD36|A0A934UD36_9STRE,644875,tr,A0A934UD36,A0A934UD36,QKQASL,632,637,QKQASL,284,289,AVQAYQKQASLKSDLA,6,,,,,weak,very_weak,,weak,very_weak,,,,,,very_weak,,weak,very_weak,,,,,,very_weak,,,very_weak,,,,,,,,,,,weak,very_weak,,,,,,,,,very_weak,,,,strong,weak,very_weak,,,,,,,,,,strong,weak,very_weak,,,,,weak,very_weak,,,very_weak,,weak,very_weak,,weak,very_weak,strong,weak,very_weak,45.97,7.055,5.26,30.59,13.915,5.155,42.48,12.785,19.795,40.465,20.705,39.06,39.795,29.92,18.065,1.0950000000000002,21.59,36.88,32.97,0.26,35.885,4.095,15.44,3.45,3.2,5669.463170783,333.267078111083,405.358301907001,4821.57536516906,376.556100852101,904.617644841531,4679.51675318097,505.254396526359,1126.40450994043,2636.79103672303,3966.39576574301,4432.17475754368,4604.38199848202,3028.30096484813,2667.35068047787,12.9539216524056,1560.50422535754,5556.56697239135,3025.32076764307,41.6790892412732,2670.49829177359,292.684736678881,499.125390636689,201.012767309611,Exosome component 10,Q01780,605960.0,gene,5394.0,EXOSC10,ENSG00000171824,bacteria
sp|Q01780|EXOSX_HUMAN,sp,Q01780,EXOSX,HUMAN,0644875|tr|A0A934UCX4|A0A934UCX4_9STRE,644875,tr,A0A934UCX4,A0A934UCX4,PTGKSD,870,875,PTGKSD,105,110,WGLDDPTGKSDQAFIK,6,,,,,,,,,,,,,,,,,,,,,,,,,,,,,,,,,,,,,,,,,,,,,,,,,,,,,,,,,,,,,,,,,,,,,,,,,,,,,,,,,,,,,77.195,86.955,91.865,39.385000000000005,88.28,90.145,49.27,77.555,82.175,58.605,76.285,91.18,52.105,93.825,89.62,92.145,78.45500000000001,93.695,82.42500000000001,89.265,93.145,58.725,61.465,93.76,92.355,17509.2922756266,12554.8883935195,18554.1462102304,5269.07779182027,16526.8539568636,22421.6851955676,6390.17198161911,9720.04149410252,12101.4206765782,5355.58060769059,26379.4402568598,20235.8762589969,5674.12710552627,21364.0040026975,20664.2297122541,9634.18459886739,11200.776226321,24038.6913707224,18128.0999071571,12613.4361615775,17065.4575351103,7631.55865537139,8358.29099978954,17055.4896461433,Exosome component 10,Q01780,605960.0,gene,5394.0,EXOSC10,ENSG00000171824,bacteria
sp|Q01780|EXOSX_HUMAN,sp,Q01780,EXOSX,HUMAN,0644875|tr|A0A934PAN6|A0A934PAN6_9STRE,644875,tr,A0A934PAN6,A0A934PAN6,LKKFIK,478,483,LKKFIK,98,103,VDGPDLKKFIKEHAPL,6,,,,,,very_weak,,,very_weak,,,,,,very_weak,,,,,,,,,,,,very_weak,,,,,,,,,,,,,,,,,,,,,very_weak,,,,,,,,,,,,,,,very_weak,,,,,,,,,very_weak,,,,,,,,weak,very_weak,,weak,very_weak,56.73,15.25,11.445,66.56,12.135,49.045,28.68,57.345,19.555,90.995,46.98,30.15,90.295,45.125,13.825,47.635000000000005,76.66,42.235,17.47,47.14,44.305,17.91,53.065,53.405,4.135,10743.314523424,753.373206760926,1062.16765067255,11118.5492013836,647.365285788809,11955.9175093165,5255.92486712024,4724.08065908094,1805.69608466906,10677.9546322909,11562.9272066189,3873.43170954764,14623.756113298,4951.4184415254,2472.25547498805,1914.27795267543,10003.8547892422,7374.48350440585,2454.185838093,4341.61432203992,3562.84033448985,2235.0135015711,3835.60554461669,4233.52999467305,Exosome component 10,Q01780,605960.0,gene,5394.0,EXOSC10,ENSG00000171824,bacteria
sp|Q01780|EXOSX_HUMAN,sp,Q01780,EXOSX,HUMAN,0644875|tr|A0A934UDV0|A0A934UDV0_9STRE,644875,tr,A0A934UDV0,A0A934UDV0,QKQEKK,792,797,QKQEKK,75,80,ISSLAQKQEKKTLGTL,6,,,,,,,,,,,,,,,,,,,,,,,,,,,,,,,,,,,,,,,,,,,,,,,,,,,,,,,,,,,,,,,,,,,,,,,,,,,,,,,,,,,,,93.02,40.05,36.56,90.76,52.735,82.57,55.025,87.19,57.650000000000006,93.755,70.62,64.155,94.185,76.49000000000001,62.05,68.275,90.42,83.84,54.03,85.445,80.56,41.4,79.34,89.45,34.55,21815.765599103,2189.08602052508,4423.16835283497,18180.938968279,5453.6433487143,19384.6384934368,8513.63710334063,9869.78661956197,7820.04809137578,11001.1587736837,18202.9842605986,14572.7383802915,16533.4715065184,12457.1932013426,11146.2527124158,2944.4569414918,11466.4977140554,17106.4978762799,6664.43514808851,9326.48623274284,9244.30564227739,4967.73152333312,7820.13270302003,9833.1195168279,Exosome component 10,Q01780,605960.0,gene,5394.0,EXOSC10,ENSG00000171824,bacteria
sp|Q01780|EXOSX_HUMAN,sp,Q01780,EXOSX,HUMAN,0644875|tr|A0A934P8T7|A0A934P8T7_9STRE,644875,tr,A0A934P8T7,A0A934P8T7,SLDHLL,402,407,SLDHLL,462,467,VISSISLDHLLFLTPI,6,,,very_weak,,,very_weak,,,,,weak,very_weak,,,,,,,,weak,very_weak,,,,,,,,,,,,,,,,,,,,,,,,very_weak,,,,,weak,very_weak,,,,,,,,,very_weak,,,very_weak,,,,,,,,,,,,,,,,,,,,weak,very_weak,11.98,11.515,64.7,5.61,40.175,51.69,5.515000000000001,46.89,36.75,47.545,54.175,23.01,27.975,15.22,26.665,54.56,50.84,12.665,19.03,44.925,20.235,50.075,57.635000000000005,46.08,63.495,407.226596157152,122.593266326057,2298.78033363567,173.355264052906,519.562912736277,5040.88076832888,225.555580296661,479.455484134619,475.282170618186,1763.03093474305,3773.77571004715,180.471157714132,1544.29563137982,96.7347844161457,801.688683860859,273.579279205693,1108.22292476832,173.173419938394,414.216709211029,978.499889363772,162.132173733111,948.59195251726,905.17571936767,768.962783079251,Exosome component 10,Q01780,605960.0,gene,5394.0,EXOSC10,ENSG00000171824,bacteria
sp|Q01780|EXOSX_HUMAN,sp,Q01780,EXOSX,HUMAN,0644875|tr|A0A934PAF4|A0A934PAF4_9STRE,644875,tr,A0A934PAF4,A0A934PAF4,TELEDK,104,109,TELEDK,198,203,LHLRPTELEDKTLSEG,6,,,,,,,,,,,,,,,,,,,,,,,,,,,,,,,,,,,,,,,,,,,,,,,,,,,,,,,,,,,,,,,,,,,,,,,,,,,,,,,,,,,,,58.95,41.49,72.12,56.82,81.005,85.525,37.545,76.625,74.215,80.505,74.475,68.61,66.53999999999999,56.05,49.89,76.08500000000001,72.98,70.92,67.67500000000001,77.285,59.870000000000005,68.35,81.155,76.57499999999999,62.735,11057.9632527786,1836.17454713622,6631.41975854296,7371.29258389752,8824.54292246094,18511.0347478676,4750.22060170799,7858.7261291866,8248.86397104726,10154.455873311,14105.3274176337,6945.28252149873,6017.60760889701,3925.45256350744,6030.51304538931,4225.70443490129,6699.28185076056,9371.80388717165,9250.30887092122,6594.64236697105,3439.91889126706,4593.73319556693,7216.85144065528,6802.93134597421,Exosome component 10,Q01780,605960.0,gene,5394.0,EXOSC10,ENSG00000171824,bacteria
sp|Q01780|EXOSX_HUMAN,sp,Q01780,EXOSX,HUMAN,0644875|tr|A0A934PAF5|A0A934PAF5_9STRE,644875,tr,A0A934PAF5,A0A934PAF5,VGILLD,124,129,VGILLD,31,36,LLPVYVGILLDSDDER,6,,weak,very_weak,,,very_weak,,,,,weak,very_weak,,,,,,,,weak,very_weak,,,,,,,,,,,,,,,very_weak,,,,strong,weak,very_weak,,weak,very_weak,,,very_weak,,weak,very_weak,,,,,,,,weak,very_weak,,,,,,very_weak,,weak,very_weak,,,very_weak,,,,,weak,very_weak,,,,strong,weak,very_weak,4.01,13.175,40.77,7.635,42.44,37.24,4.245,46.485,56.315,20.27,36.995,19.475,0.54,8.805,17.060000000000002,40.43,24.23,9.085,43.325,18.89,5.29,16.474999999999998,39.045,5.18,40.185,678.687435445138,870.47342556372,3337.55689915576,613.360273274568,1135.90178331948,8736.94837404957,245.096419434068,2172.14577131055,3737.61015879302,1215.68797021259,8109.30931615439,1222.61319456469,471.033047025587,575.734122959601,2973.43038853362,864.75651865312,1560.11593454978,1151.89223484807,2905.49930362743,1203.13900602459,443.172375773087,1985.34427296174,1891.89581742125,286.19306780297,Exosome component 10,Q01780,605960.0,gene,5394.0,EXOSC10,ENSG00000171824,bacteria
sp|Q01780|EXOSX_HUMAN,sp,Q01780,EXOSX,HUMAN,0644875|tr|A0A934P8E7|A0A934P8E7_9STRE,644875,tr,A0A934P8E7,A0A934P8E7,EELPKE,542,547,EELPKE,410,415,ILEAIEELPKELAKTI,6,,,,,,very_weak,,weak,very_weak,,,,,,,,,,,,very_weak,,,,,,,,,,,,,,,,,,very_weak,,,,,,,,,very_weak,,,,,,,,,,,,,,weak,very_weak,,,,,,very_weak,,,,,,,,,,,weak,very_weak,,weak,very_weak,36.67,14.32,8.035,41.83,28.15,52.3,13.5,63.61,24.93,76.89500000000001,40.755,35.075,54.545,22.82,12.54,35.974999999999994,62.72,29.235,7.904999999999999,41.465,18.79,47.775,55.2,44.305,4.205,3861.672976068,770.045144997185,790.123605226507,6508.72761006154,2227.52953102686,14111.8914546333,2419.33165202051,5104.82343397224,2557.74657091702,7217.00761181001,7460.19377948279,3184.73088990573,3223.73312321552,1556.25517463502,2082.16908691411,994.94069495996,3928.29925447072,3857.03790853221,1137.75912117582,3617.18081968838,1179.89555228897,3851.61652385712,3260.42492228783,3244.79946334798,Exosome component 10,Q01780,605960.0,gene,5394.0,EXOSC10,ENSG00000171824,bacteria
sp|Q01780|EXOSX_HUMAN,sp,Q01780,EXOSX,HUMAN,0644875|tr|A0A934PAA7|A0A934PAA7_9STRE,644875,tr,A0A934PAA7,A0A934PAA7,KIAEEL,539,544,KIAEEL,298,303,LRKINKIAEEL,6,,,,,,,,,,,,,,,,,,,,,,,,,,,,,,,,,,,,,,,,,,,,,,,,,,,,,,,,,,,,,,,,,,,,,,,,,,,,,,,,,,,,,90.045,84.785,79.71000000000001,93.46,89.06,77.58000000000001,90.155,92.2,79.35,95.0,56.165,81.035,90.88,83.025,75.015,92.91,94.0,85.075,82.805,92.385,79.68,90.895,93.035,88.765,72.735,17821.2150678616,6252.7680120639,7031.17563751868,19513.8460224982,12126.9798945274,14315.3498005782,16485.5988313537,13916.7444644916,7110.20271257365,17124.0903250379,10467.2493152685,10210.4229747865,12499.0464139192,8881.63263898907,9523.49731157709,9587.80566781791,13934.2222567232,13636.6686604346,10624.8264820015,12629.0038630559,6222.80186588304,11360.2967128265,13087.9310428023,9271.35088833415,Exosome component 10,Q01780,605960.0,gene,5394.0,EXOSC10,ENSG00000171824,bacteria
sp|Q01780|EXOSX_HUMAN,sp,Q01780,EXOSX,HUMAN,0644875|tr|A0A934PA72|A0A934PA72_9STRE,644875,tr,A0A934PA72,A0A934PA72,LPGFPD,26,31,LPGFPD,151,156,STAFILPGFPDDFLCM,6,,,,,,,,,,,,,,,,,,,,,,,,,,,,,,,,,,,,,,,,,,,,,,,,,,,very_weak,,,,,,,,,,,,,,,,,,,,,,,,,,,,,,,,,very_weak,24.755,41.955,77.51,41.59,57.37,71.01,56.855,63.06,69.855,47.03,64.845,37.7,38.145,55.2,67.06,58.04,74.945,37.16,54.325,70.265,44.745000000000005,50.035,52.14,34.835,76.695,337.859870236769,940.447068115478,5079.86407617826,1923.45460999855,1921.39538918131,7724.4345015484,3483.06369137192,2173.74450459237,2566.11786411775,1624.19078085744,9871.60219788213,973.283788717844,1651.80218518386,1342.63716274311,4562.32921752246,619.650454326831,3342.83336298725,1276.21896319064,2801.37436305745,2644.82002396106,1095.34830908838,1137.32834219717,1128.63702223118,818.6234166804,Exosome component 10,Q01780,605960.0,gene,5394.0,EXOSC10,ENSG00000171824,bacteria
sp|Q01780|EXOSX_HUMAN,sp,Q01780,EXOSX,HUMAN,0644875|tr|A0A934UDQ9|A0A934UDQ9_9STRE,644875,tr,A0A934UDQ9,A0A934UDQ9,PLLKSE,580,585,PLLKSE,536,541,VKINSPLLKSELYDSL,6,,,,,,very_weak,,,,,,,,,,,weak,very_weak,,,very_weak,,,,,,very_weak,,,,,,very_weak,,,very_weak,,,,,,,,weak,very_weak,,,very_weak,,,,,,,,,,,weak,very_weak,,,,,,,,weak,very_weak,,,,,,,,,,,,,,weak,very_weak,56.695,19.155,42.96,53.75,51.455,9.835,12.92,51.545,17.18,58.25,16.305,15.02,59.665,8.475000000000001,18.245,52.575,38.31,5.035,33.95,53.355,6.319999999999999,33.785,50.0,60.44,38.4,4198.36057623144,428.021409819872,856.636041464321,3032.7275455255,765.161645922031,133.00521096703,436.146410959705,743.333058796192,69.3455913418268,2771.8272450832,1066.6476227114,263.17630883903,4112.22158828184,192.371674485036,489.885451305149,186.157162811961,1320.33658804752,162.353357973957,1182.69466688645,1081.04306131159,166.455097873204,818.871459319505,993.456228280045,1617.21161185384,Exosome component 10,Q01780,605960.0,gene,5394.0,EXOSC10,ENSG00000171824,bacteria
sp|Q01780|EXOSX_HUMAN,sp,Q01780,EXOSX,HUMAN,0644875|tr|A0A934P8U6|A0A934P8U6_9STRE,644875,tr,A0A934P8U6,A0A934P8U6,LNESLT,352,357,LNESLT,397,402,KLLKLLNESLTPEEFL,6,,,,,,,,,,,,,,,very_weak,,,,,,,,,,,,,,,,,,,,,,,,,,,very_weak,,,,,,,,,very_weak,,,very_weak,,,,,,,,,very_weak,,,,,,,,,,,,,,,very_weak,,,,,,very_weak,29.305,20.575,36.555,40.595,15.925,36.14,35.035,49.35,40.03,67.805,43.375,46.78,11.285,27.840000000000003,28.37,11.235,47.885000000000005,35.45,10.015,25.22,31.26,48.065,42.07,14.895,32.01,1013.87123215132,302.832045727297,1239.10013214654,2407.76315100964,180.174597640451,1859.96913422413,2694.85089180105,1007.02730232911,604.806403480327,3092.57140337363,4865.22804532024,1153.83813871728,591.955316221552,414.127084249494,1429.05263773412,32.3712655908723,1643.83262922599,1095.00467165376,329.826921812155,453.357201414907,389.071998403515,1520.02646967568,918.534136724863,204.189050680893,Exosome component 10,Q01780,605960.0,gene,5394.0,EXOSC10,ENSG00000171824,bacteria
sp|Q01780|EXOSX_HUMAN,sp,Q01780,EXOSX,HUMAN,0644875|tr|A0A934P9Q6|A0A934P9Q6_9STRE,644875,tr,A0A934P9Q6,A0A934P9Q6,TSATKS,15,20,TSATKS,363,368,ETLDLTSATKSEGYVL,6,,,,,,,,weak,very_weak,,,,,,,,,,,,,,,,,,,,,,,,,,,,,,,,,,,,,,,,,,,,,very_weak,,,,,,,,,,,,,,,,,,,,,,,,,,weak,very_weak,,weak,very_weak,78.76499999999999,32.355,7.025,64.115,45.905,34.345,24.05,22.975,29.835,32.260000000000005,53.32,66.775,23.685,66.42500000000001,52.325,18.095,25.595,68.44,42.96,22.865,68.44,21.565,21.79,43.09,6.38,14155.9340500496,1699.13171789749,583.946314758749,7528.46856266675,2667.2063836662,6575.61872299176,3888.80106113804,330.788288142356,1929.7290386643,906.930508410464,8419.37578848304,8900.77660326683,2414.10198602965,7498.79562205974,9958.06635463485,210.690700035571,1185.44911564162,11545.800065327,4847.57288552961,1168.42379848028,6357.62097512124,970.5181475478,391.250264525302,2228.27679898667,Exosome component 10,Q01780,605960.0,gene,5394.0,EXOSC10,ENSG00000171824,bacteria
sp|Q01780|EXOSX_HUMAN,sp,Q01780,EXOSX,HUMAN,0644875|tr|A0A934UDQ4|A0A934UDQ4_9STRE,644875,tr,A0A934UDQ4,A0A934UDQ4,RVGILL,123,128,RVGILL,61,66,IESYPRVGILLSTEQK,6,,,,,,,,,,,,,,,,,,,,,,,,,,,,,weak,very_weak,,weak,very_weak,,,,,,,,,,,,,,,very_weak,,,,,,,,,,,,,,,,,,,,,very_weak,,,,,,,,,very_weak,,,,,weak,very_weak,35.755,32.325,34.27,73.185,42.035,52.42999999999999,68.58,49.8,58.985,6.605,4.55,40.645,24.7,36.845,11.84,31.455,28.065,37.145,25.43,20.685,14.155,27.065,48.445,19.91,36.46,4020.75258717203,753.984804707839,1019.0843030974,7432.07644258207,525.652741205366,6265.3642454598,7086.31743744379,1065.8285341196,2222.95497335633,146.467469403958,1403.06817138046,1594.05434701563,1785.89699255176,1013.31192352222,1542.69240626953,220.402530359698,958.268185497134,2108.78636658988,1641.41552501075,608.100364341445,626.032236477744,382.452416416777,950.821760517051,461.883177735197,Exosome component 10,Q01780,605960.0,gene,5394.0,EXOSC10,ENSG00000171824,bacteria
sp|Q01780|EXOSX_HUMAN,sp,Q01780,EXOSX,HUMAN,0644875|tr|A0A934UE99|A0A934UE99_9STRE,644875,tr,A0A934UE99,A0A934UE99,EYDFYR,59,64,EYDFYR,736,741,DRYEGEYDFYRNVYGN,6,,,very_weak,,,,,,,,,,,weak,very_weak,,,,,,,,,,,,,,,,,,,,,very_weak,,,,,,,,,,,,,,,,,,,,,,,,very_weak,,,,,,very_weak,,,,,weak,very_weak,,,,,,very_weak,,,,,weak,very_weak,15.38,66.655,36.655,21.575000000000003,6.91,40.7,40.83,35.735,42.535,71.85499999999999,61.425,18.0,49.535,31.295,29.44,32.17,86.15,14.71,58.135000000000005,15.25,23.925,5.945,39.225,12.895,34.56,2139.95375641887,5047.70303228435,4392.7402832589,2388.27777487409,375.8315816322,9994.22611132141,5576.38196991714,3307.21742634354,5208.93578203682,7400.3809205603,13916.2927435543,945.998824040567,4441.63199719317,1864.96670072791,3703.39364513282,984.372134632493,9764.10156756995,1385.67333686347,8520.08764241101,977.759069312193,1277.53143619805,1021.59034179576,2718.69007609725,706.546223848377,Exosome component 10,Q01780,605960.0,gene,5394.0,EXOSC10,ENSG00000171824,bacteria
sp|Q01780|EXOSX_HUMAN,sp,Q01780,EXOSX,HUMAN,0644875|tr|A0A934UD17|A0A934UD17_9STRE,644875,tr,A0A934UD17,A0A934UD17,IYEISN,717,722,IYEISN,103,108,QAISQIYEISNNNIVA,6,,weak,very_weak,,,,,,very_weak,,weak,very_weak,strong,weak,very_weak,strong,weak,very_weak,,,very_weak,strong,weak,very_weak,strong,weak,very_weak,,,,,,very_weak,,,,,,very_weak,,,,,,very_weak,,,,,,,,weak,very_weak,,,,,,,,weak,very_weak,strong,weak,very_weak,,,very_weak,,,very_weak,strong,weak,very_weak,strong,weak,very_weak,,,very_weak,strong,weak,very_weak,8.85,20.595,11.335,2.33,1.535,0.565,19.575,0.53,1.65,36.915,11.855,33.879999999999995,26.22,17.985,24.24,3.62,39.59,21.0,4.4,1.25,18.885,14.635,1.13,1.805,18.255,1127.34333438754,652.717600113394,538.105591214868,228.560099494145,70.1933224434396,41.5826957606373,2139.23610819923,30.7972206190294,15.8240670408865,2023.86340721508,3377.69973831757,1299.85421441032,2278.77111201839,1009.89698196748,3229.98270707031,29.5282174092639,1274.08045393732,2194.9678939222,398.401275318211,63.8942460605001,986.205758670492,646.553290992507,76.0569073186004,91.1007978476649,Exosome component 10,Q01780,605960.0,gene,5394.0,EXOSC10,ENSG00000171824,bacteria
sp|Q01780|EXOSX_HUMAN,sp,Q01780,EXOSX,HUMAN,0644875|tr|A0A934UD46|A0A934UD46_9STRE,644875,tr,A0A934UD46,A0A934UD46,ELPKEP,543,548,ELPKEP,148,153,IKSFSELPKEPFLKIN,6,,,,,,,,,very_weak,,,very_weak,,,,,,,,,very_weak,,,,,,,,,,,,,,,very_weak,,,very_weak,,,,,,very_weak,,weak,very_weak,,,,,,,,,,,weak,very_weak,,weak,very_weak,,,,,weak,very_weak,,,,,,,,,,,weak,very_weak,,weak,very_weak,55.93,44.725,19.28,13.91,37.96,44.370000000000005,16.634999999999998,36.87,20.44,86.82,40.585,15.165,71.13499999999999,19.275,5.88,35.83,85.215,9.8,5.98,45.725,8.935,40.465,39.585,40.34,6.815,4437.69303199818,1214.09744120424,1487.68025322902,1721.91408720216,871.048133295762,8564.35910056243,2048.42727416657,1608.90403648055,1431.90048561337,6569.71619460321,4980.21713023979,346.478119090014,5074.20604021564,353.238615189585,598.556800598504,512.644283611406,6490.16246835038,340.627442913176,699.517737642954,2527.51268015834,303.530761153427,1309.48143042916,1556.84462799671,1582.86579572746,Exosome component 10,Q01780,605960.0,gene,5394.0,EXOSC10,ENSG00000171824,bacteria
sp|Q01780|EXOSX_HUMAN,sp,Q01780,EXOSX,HUMAN,0644875|tr|A0A934P9E8|A0A934P9E8_9STRE,644875,tr,A0A934P9E8,A0A934P9E8,LKIAEE,538,543,LKIAEE,84,89,FKDFYLKIAEELLTPL,6,,weak,very_weak,,,very_weak,,weak,very_weak,,,very_weak,,,very_weak,,weak,very_weak,,,,,weak,very_weak,,,very_weak,,,,,weak,very_weak,strong,weak,very_weak,,weak,very_weak,,weak,very_weak,strong,weak,very_weak,,weak,very_weak,strong,weak,very_weak,strong,weak,very_weak,,,,,weak,very_weak,,,very_weak,,,very_weak,strong,weak,very_weak,,weak,very_weak,,weak,very_weak,,weak,very_weak,,,very_weak,strong,weak,very_weak,7.145,15.46,8.465,10.305,11.005,9.73,27.385,2.865,11.62,31.405,3.1900000000000004,1.345,7.76,1.285,3.82,1.855,46.225,2.615,12.555,14.78,1.36,8.03,2.55,8.445,13.235,422.394887318421,285.908327354898,388.89523231463,701.040687071495,265.978837229877,1276.46753870768,1640.66978488094,71.9013278068182,325.170886529911,2393.27022847276,436.769764979726,46.1341743724877,675.01842172152,38.9280832746812,192.932391753711,15.2350374237147,1166.27661911095,86.5295571807728,649.413789949024,417.844782725023,49.8475575187061,272.285837069094,86.1260493129396,184.918553185559,Exosome component 10,Q01780,605960.0,gene,5394.0,EXOSC10,ENSG00000171824,bacteria
sp|Q01780|EXOSX_HUMAN,sp,Q01780,EXOSX,HUMAN,0644875|tr|A0A934PAG8|A0A934PAG8_9STRE,644875,tr,A0A934PAG8,A0A934PAG8,SLDELV,293,298,SLDELV,58,63,ELLELSLDELVTGKKP,6,,weak,very_weak,,weak,very_weak,,,,,,very_weak,,,,,,,,weak,very_weak,,,,,,,,,,,,,,,,,,very_weak,,,very_weak,,,,,,,,,very_weak,,,,,,,,,,,,,,,,,,,,,,,,,,,,,,,,weak,very_weak,9.004999999999999,8.995,63.135000000000005,11.775,48.510000000000005,38.89,5.365,25.86,32.815,65.485,51.375,41.86,18.485,20.9,36.93,47.85,46.44,30.27,39.03,25.295,25.46,52.435,29.16,32.525,59.83,249.730095847276,283.297066979731,3310.43949721932,523.90392338103,1686.32961453801,4352.95014342225,201.511440051095,703.715734770917,459.257003528916,4380.2106690632,5398.51609113201,1108.06705628822,1303.45962375754,401.156620382608,2014.14232828865,511.907103385208,1454.35341568697,1282.93364275163,1776.22313747715,622.802847301921,486.21019249292,2975.49010047444,683.825026935508,800.154838459087,Exosome component 10,Q01780,605960.0,gene,5394.0,EXOSC10,ENSG00000171824,bacteria
sp|Q01780|EXOSX_HUMAN,sp,Q01780,EXOSX,HUMAN,0283361|tr|A0A415ZTM0|A0A415ZTM0_9BACT,283361,tr,A0A415ZTM0,A0A415ZTM0,MLKIAE,537,542,MLKIAE,159,164,EESTRMLKIAERGNIN,6,,,,,,very_weak,,,very_weak,,,,,,,,,,,weak,very_weak,,,,,,very_weak,,,,,weak,very_weak,,,,,,very_weak,,,,,,,,,very_weak,,,,,,,,,,,,,,,very_weak,,,,,,,,,very_weak,,,,,,,,weak,very_weak,,weak,very_weak,58.435,16.810000000000002,11.855,47.795,23.415,35.61,8.695,44.425,12.035,61.885,5.345,35.315,65.005,34.614999999999995,15.03,41.1,28.43,37.955,11.175,49.745,33.5,13.76,42.22,52.36,5.67,9898.12628775813,330.201843429145,538.356003339724,5919.32291935705,626.255802877781,4715.75650021252,924.836689073565,899.552032378131,491.978287082813,3548.33690803136,1877.72259788247,2243.44482275573,6161.49947350431,1929.41587547245,2524.88871897302,338.269542125302,1330.33139517803,3805.47075396458,872.066579374503,2392.95951280548,1838.3015472896,453.474942087052,863.886804233383,2182.15717957809,Exosome component 10,Q01780,605960.0,gene,5394.0,EXOSC10,ENSG00000171824,bacteria
sp|Q01780|EXOSX_HUMAN,sp,Q01780,EXOSX,HUMAN,0283361|tr|A0A3R6QVR9|A0A3R6QVR9_9BACT,283361,tr,A0A3R6QVR9,A0A3R6QVR9,ESLTDP,354,359,ESLTDP,885,890,MAAQFESLTDPFVIMF,6,strong,weak,very_weak,,,,,,,,,very_weak,,,very_weak,,,very_weak,,,,,,very_weak,,,,,,,,,,,,,,,,,weak,very_weak,,,,,,,,weak,very_weak,,weak,very_weak,,,,,,very_weak,,,,,weak,very_weak,,,very_weak,,,,,,very_weak,,weak,very_weak,,,,strong,weak,very_weak,1.0750000000000002,43.73,38.355,10.375,14.765,17.275,41.35,10.125,41.98,38.095,37.265,31.13,7.58,20.44,32.595,2.86,57.68,12.54,20.880000000000003,4.75,12.155,29.655,18.87,2.96,33.11,160.628791608538,1153.98795971729,1789.47532941923,596.642896466692,453.735061073852,2148.44485788544,2460.06123784303,138.776781969291,935.01893946529,1813.6456483281,3640.8182482706,363.316812675947,773.837050485342,292.055224626913,1492.82386692679,27.038812486273,1826.84099207105,338.478226551817,1211.30263843773,141.143636531355,303.616160688909,934.745828524078,299.774161230475,78.3615684544366,Exosome component 10,Q01780,605960.0,gene,5394.0,EXOSC10,ENSG00000171824,bacteria
sp|Q01780|EXOSX_HUMAN,sp,Q01780,EXOSX,HUMAN,0283361|tr|A0A416A8G9|A0A416A8G9_9BACT,283361,tr,A0A416A8G9,A0A416A8G9,FLGLTC,322,327,FLGLTC,181,186,EMIGGFLGLTCLLPFY,6,,,,,,,,,,,,,,,,,,,,,,,,,,,,,,,,,,,,,,,,,,,,,,,,,,,,,,,,,,,,,,,,,,,,,,,,,,,,,,,,,,,,,36.08,47.21,63.075,49.69,36.41,65.83,58.44,39.045,56.48,52.895,58.105,37.065,48.51,33.065000000000005,43.73,38.415,57.92,30.7,39.33,55.73,26.155,49.150000000000006,56.345,49.73,55.675,674.80665200696,350.603692967313,1736.90215514854,1473.23194541573,501.968682167641,5623.70343146454,2496.52843673202,187.663790441674,645.518776149818,517.901594036986,4287.55628156412,173.685695702187,1942.69666493395,97.3816735085908,819.820029117665,133.303435795482,964.175484558396,163.677959442125,455.254577409719,1121.32165975513,139.48882804153,789.217934685031,505.549686771856,518.574460408833,Exosome component 10,Q01780,605960.0,gene,5394.0,EXOSC10,ENSG00000171824,bacteria
sp|Q01780|EXOSX_HUMAN,sp,Q01780,EXOSX,HUMAN,0283361|tr|A0A415ZUM9|A0A415ZUM9_9BACT,283361,tr,A0A415ZUM9,A0A415ZUM9,KEAVKK,736,741,KEAVKK,99,104,KGMTEKEAVKKGLIRR,6,,,,,,,,,,,,,,,,,,,,,,,,,,,,,,,,,,,,,,weak,very_weak,,,,,,,,,,,,,,,,,,,,,,,,,,,,,,,,,,,,,,,,,,,,weak,very_weak,93.875,50.92,42.2,85.48,54.185,69.56,46.98,65.26,41.345,83.71000000000001,43.31,67.22,95.0,66.0,27.905,71.625,69.27,68.91499999999999,49.095,68.835,60.215,51.42,71.13,82.88499999999999,24.745,24459.786870644,1701.87317716243,2217.95780753184,15131.5767810553,3405.66287661488,13421.0565246869,5547.196034815,3902.9643147393,3124.52322514616,6631.92203100389,6938.22234921527,9456.65257801275,26979.5520513107,8462.66610180403,4341.09762444061,1879.8570470317,7979.01916249687,12938.5435203703,5106.53594594553,6674.89897217137,5709.78511099983,3142.6962341141,3421.65571826985,9747.42385168851,Exosome component 10,Q01780,605960.0,gene,5394.0,EXOSC10,ENSG00000171824,bacteria
sp|Q01780|EXOSX_HUMAN,sp,Q01780,EXOSX,HUMAN,0283361|tr|A0A415ZXF3|A0A415ZXF3_9BACT,283361,tr,A0A415ZXF3,A0A415ZXF3,NTPFLP,195,200,NTPFLP,245,250,IATKKNTPFLPYQSPD,6,,,,,,,,,,,,,,,,,,,,,,,,,,,,,,,,,,,weak,very_weak,,,,,,,,,,,weak,very_weak,,,,,,,,weak,very_weak,,,very_weak,,,,,,,,weak,very_weak,,weak,very_weak,,,,,,,,,,,weak,very_weak,22.275,57.81,52.82,72.03999999999999,36.22,44.255,72.39,47.49,36.195,59.945,25.965,9.64,55.525000000000006,23.285,5.71,56.485,4.135,10.575,42.47,63.705,8.555,3.03,57.67999999999999,64.58,53.58,3267.80617350572,2202.81909380581,2547.96862383978,7417.13458671873,1173.56777561221,3088.75920813396,7807.45118134741,1930.39729003405,936.608610800329,2386.28887451594,4772.63070323544,453.067885529804,4561.98368687344,1157.53940725531,1064.95246020758,846.262900962917,324.236370317773,814.735456233515,2906.19099682976,3546.30270375551,466.725954082318,141.792632625718,1889.62502314665,3312.05170963481,Exosome component 10,Q01780,605960.0,gene,5394.0,EXOSC10,ENSG00000171824,bacteria
sp|Q01780|EXOSX_HUMAN,sp,Q01780,EXOSX,HUMAN,0283361|tr|A0A3R6LQF2|A0A3R6LQF2_9BACT,283361,tr,A0A3R6LQF2,A0A3R6LQF2,AAEYGK,160,165,AAEYGK,94,99,FDSTNAAEYGKLKDRI,6,,,,,,,,,,,,,,,,,,,,,,,,,,,,,,,,,,,,,,,,,,,,,,,,,,,,,,,,,,,,,,,,,,,,,,,,,,,,,,,,,,,,,67.445,75.35499999999999,74.97,71.045,63.65,64.89,75.09,42.775,61.79,35.395,59.355,44.63,48.255,52.56,58.81,66.435,60.31,35.745,68.25,76.00999999999999,53.385000000000005,36.785,41.16,70.9,68.16,10957.679903349,8490.73117211692,9327.69723751651,8440.81053558355,7661.5911477253,12099.71864533,14320.616992317,2154.68374576832,6079.45141221033,1783.65692948919,12653.3497575315,5128.35153793571,3341.278469942,6459.19839119782,9910.44993933531,1963.15051178532,3894.48546696004,7534.25418626008,10713.250434909,5719.4925953481,4934.67837623292,2359.68962762729,1905.02140102492,5056.66784824782,Exosome component 10,Q01780,605960.0,gene,5394.0,EXOSC10,ENSG00000171824,bacteria
sp|Q01780|EXOSX_HUMAN,sp,Q01780,EXOSX,HUMAN,0283361|tr|A0A415ZQ41|A0A415ZQ41_9BACT,283361,tr,A0A415ZQ41,A0A415ZQ41,VDANDV,114,119,VDANDV,476,481,NGGLIVDANDVALNNL,6,,weak,very_weak,strong,weak,very_weak,,,,strong,weak,very_weak,,,very_weak,,weak,very_weak,strong,weak,very_weak,,,very_weak,,weak,very_weak,,,very_weak,,,,,,,,,,,weak,very_weak,,,,,,,,weak,very_weak,,,,,,,,,,,,,strong,weak,very_weak,,,,,,,,,,,weak,very_weak,,,,strong,weak,very_weak,3.94,1.86,27.41,0.8300000000000001,14.84,2.365,0.575,14.445,7.4,19.435,29.58,49.935,4.175,36.08,47.965,21.395,21.28,47.415,22.22,0.72,43.56,23.11,23.130000000000003,9.63,40.265,594.104825919679,168.7563382841,1264.41249301869,69.1837149264969,806.464932918923,232.780381013727,65.6809498073396,492.361699318159,91.1698223137921,910.115430688131,6208.41005593518,3351.12626845668,621.187684001128,2766.88321781313,7030.56705776603,287.994711385034,834.740927201923,5908.57300455367,1797.68411015445,80.6461398153643,2814.31633266026,1654.12719729178,878.687044548839,398.01350893639,Exosome component 10,Q01780,605960.0,gene,5394.0,EXOSC10,ENSG00000171824,bacteria
sp|Q01780|EXOSX_HUMAN,sp,Q01780,EXOSX,HUMAN,0283361|tr|A0A415ZVR8|A0A415ZVR8_9BACT,283361,tr,A0A415ZVR8,A0A415ZVR8,LTDPAI,356,361,LTDPAI,205,210,SHRLDLTDPAIFASPY,6,,,,,,,,,,,weak,very_weak,,,,,,,,,very_weak,,weak,very_weak,,,very_weak,,,,,,,,,,,,,,,very_weak,,,,,,,,,very_weak,,,,,,,,,,,,,,,very_weak,,,,,,,,,very_weak,,,,,,,,weak,very_weak,31.095,34.125,62.27,6.69,46.400000000000006,24.155,14.73,8.934999999999999,19.395,34.585,26.595,50.065,15.32,49.63,62.535,35.155,34.055,48.66,20.76,19.065,33.285,46.12,15.77,33.375,60.205,2037.81635798885,1112.01847918798,3404.29975434593,385.259993485085,2982.5489776426,3361.54861542191,1052.46665202153,350.262448262797,369.701180423442,1138.70740935156,4599.80098677755,2779.12453908953,1326.47941994599,2719.07250610239,5949.43672280538,551.724316526527,1467.9493448067,4004.64508295359,2238.76491070672,530.176553717966,2068.27047317955,1469.98376271114,596.223433634506,1382.64812300173,Exosome component 10,Q01780,605960.0,gene,5394.0,EXOSC10,ENSG00000171824,bacteria
sp|Q01780|EXOSX_HUMAN,sp,Q01780,EXOSX,HUMAN,0283361|tr|A0A3R6LTY9|A0A3R6LTY9_9BACT,283361,tr,A0A3R6LTY9,A0A3R6LTY9,LERVGI,121,126,LERVGI,557,562,YKYMDLERVGIYGWSA,6,,,,,,,,,,,,,,,,,,,,,very_weak,,,,,,,,,,,,,,,,,,,,,,,,,,,,,,,,,,,,,,,,,,very_weak,,,,,,,,,,,,,,,,,,very_weak,,,very_weak,44.5,39.54,26.93,27.645,52.715,52.705,19.875,49.040000000000006,38.84,64.505,24.1,46.42,57.115,25.465000000000003,30.79,33.96,63.56,38.39,15.46,54.115,35.53,46.32,47.12,45.885000000000005,11.765,2130.75834717142,525.715306835755,1037.21653926527,1623.94477211226,1096.94942064112,5658.12618907149,978.552826554951,968.912855585336,1178.46660294834,1832.82009170103,3708.6866505512,766.993467487212,3479.86185589573,361.215890664047,1267.64525506781,121.023621085341,2026.82176398213,1015.49607232173,585.249309273905,1155.39972858738,593.854183588068,748.303908224256,716.290969096235,745.330326561251,Exosome component 10,Q01780,605960.0,gene,5394.0,EXOSC10,ENSG00000171824,bacteria
sp|Q01780|EXOSX_HUMAN,sp,Q01780,EXOSX,HUMAN,0283361|tr|A0A3R6QX87|A0A3R6QX87_9BACT,283361,tr,A0A3R6QX87,A0A3R6QX87,SSLDEL,292,297,SSLDEL,23,28,LRDDYSSLDELCDDMH,6,,,,,,,,,,,,,,,,,,,,,,,,,,,,,,,,,,,,,,,,,weak,very_weak,,,,,,,,,very_weak,,,,,,,,,,,,,,,,,,,,,,,,,,,very_weak,,,,,weak,very_weak,28.02,74.745,66.75999999999999,45.525000000000006,84.11,69.535,74.56,63.9,85.21000000000001,56.565,79.145,68.425,8.55,54.275,70.24000000000001,52.65,68.535,44.04,66.465,44.81999999999999,45.7,51.405,57.43,14.715,56.815,3196.50279904681,7324.06958000006,13677.156176231,5855.17891304726,13308.8430879951,18327.2897376598,11599.5166021379,9945.25306096457,12835.0851803002,6825.6398752763,21245.5207262108,8422.74700707601,1422.69645791453,6909.97859194655,12668.6925731426,3769.89871836215,6141.46563033464,8518.15196768249,11926.4596932646,4913.68665418298,4562.67477434241,7322.16795149724,7385.58269705531,976.004508818816,Exosome component 10,Q01780,605960.0,gene,5394.0,EXOSC10,ENSG00000171824,bacteria
sp|Q01780|EXOSX_HUMAN,sp,Q01780,EXOSX,HUMAN,0283361|tr|A0A3R6IPF9|A0A3R6IPF9_9BACT,283361,tr,A0A3R6IPF9,A0A3R6IPF9,QFDPNK,839,844,QFDPNK,593,598,PDGHFQFDPNKSYLLP,6,,,,,,,,,,strong,weak,very_weak,,,very_weak,strong,weak,very_weak,strong,weak,very_weak,,weak,very_weak,strong,weak,very_weak,,,,,,,,,,,weak,very_weak,,,,,,very_weak,,,very_weak,,,,,weak,very_weak,,,,,,very_weak,,,very_weak,,weak,very_weak,,,very_weak,,,very_weak,,weak,very_weak,,weak,very_weak,,,very_weak,strong,weak,very_weak,29.35,39.06,20.32,0.05,12.02,0.43,1.495,3.56,1.405,39.95,26.245,23.145000000000003,41.87,17.125,15.315,5.485,75.16,15.4,16.845,2.39,14.17,10.055,4.975,7.654999999999999,18.305,3923.88139454596,1852.17721318273,1149.06655570959,13.8768666271503,369.085680293353,31.9516081283005,129.637932887243,42.2626180414734,39.0014399271828,3001.09742312775,5507.78390548307,1414.39302989119,5227.45454903381,1175.04163854073,2866.99506685243,32.9704164773789,6456.68294572619,1907.04243942799,1824.11531746957,131.151750721193,1079.16154053269,364.178724047589,144.928895798455,343.38424640749,Exosome component 10,Q01780,605960.0,gene,5394.0,EXOSC10,ENSG00000171824,bacteria
sp|Q01780|EXOSX_HUMAN,sp,Q01780,EXOSX,HUMAN,0283361|tr|A0A415ZSS6|A0A415ZSS6_9BACT,283361,tr,A0A415ZSS6,A0A415ZSS6,AAKKIK,854,859,AAKKIK,291,296,ACDGTAAKKIKSKLYA,6,,,,,,,,,,,,,,,,,,,,,,,,,,,,,,,,,,,,,,,,,,,,,,,,,,,,,,,,,,,,,,weak,very_weak,,,,,,,,,,,,,,,,,,,,weak,very_weak,93.8,49.55,38.42,73.19999999999999,40.535,69.63499999999999,55.715,31.015,39.945,62.015,53.995000000000005,71.07,93.615,80.945,54.535,51.32,59.005,80.045,7.02,76.6,77.16499999999999,36.245,54.09,74.025,27.005,23194.7728481665,1572.52123460295,1195.37955282828,10819.2540793072,1146.38423991396,9705.53904405853,6043.446159042,462.343174210996,2550.20264755068,1630.9177057354,8925.17500280821,9508.46503695929,15653.305414374,9082.20875716392,6439.45059273943,548.617002568898,3406.84223332071,12165.2225364865,659.00484987813,4158.84596644096,7128.45871299344,950.400059153521,1150.08648501453,5074.86490439921,Exosome component 10,Q01780,605960.0,gene,5394.0,EXOSC10,ENSG00000171824,bacteria
sp|Q01780|EXOSX_HUMAN,sp,Q01780,EXOSX,HUMAN,0283361|tr|A0A3R6IM70|A0A3R6IM70_9BACT,283361,tr,A0A3R6IM70,A0A3R6IM70,TFRLLH,171,176,TFRLLH,111,116,RSSHDTFRLLHPLLCD,6,,,very_weak,,,,,weak,very_weak,,,,,,very_weak,,,very_weak,,,,,,,,,,,,,,,very_weak,,,very_weak,,weak,very_weak,,,,,,very_weak,,,very_weak,,,,strong,weak,very_weak,,,,,,very_weak,,,,,weak,very_weak,,,,,weak,very_weak,,,,,weak,very_weak,,weak,very_weak,strong,weak,very_weak,19.355,22.01,9.92,37.260000000000005,19.87,12.21,58.825,22.68,27.67,48.58,14.455,15.475,49.625,11.495,18.045,0.48,63.755,18.77,29.965,8.925,28.705,8.38,31.355,9.075,5.915,1220.88150121409,331.060408260833,386.713340743336,2061.81326613453,333.884253656579,1589.43876184228,3414.37023893563,177.827289644634,872.311938627401,2693.9763030768,1812.11568100479,475.230748923007,3419.84214280757,331.343507251869,831.432861264821,7.04928858090837,2111.45759931816,699.835692208385,652.548127884996,185.104719164012,417.474226123959,189.77509563791,228.056170045394,132.95341392731,Exosome component 10,Q01780,605960.0,gene,5394.0,EXOSC10,ENSG00000171824,bacteria
sp|Q01780|EXOSX_HUMAN,sp,Q01780,EXOSX,HUMAN,0283361|tr|A0A3R6LUB6|A0A3R6LUB6_9BACT,283361,tr,A0A3R6LUB6,A0A3R6LUB6,DGEMVL,21,26,DGEMVL,291,296,RMLKVDGEMVLIGMPA,6,,,,,,,,,,,weak,very_weak,,,,,,,,weak,very_weak,,,,,,,,,,,,,,,,,,,,,,,,,,,,,,,,,,,,,,,,,,,,,,,,,,,,,,,,,,,,,,weak,very_weak,37.17,22.695,53.475,3.1100000000000003,42.095,46.355,3.655,34.725,30.655,46.545,44.23,47.71,43.08,29.645000000000003,46.91,29.85,25.795,39.79,36.95,31.08,33.18,50.285,46.895,37.545,58.45,2084.82916038446,460.595627488647,1877.07258106753,93.6411982191578,528.504170265769,3917.89972922157,95.2825799731177,285.698049119564,279.213273590372,1876.13857609758,3723.40231184205,1426.59628802526,2219.99855980504,648.950205620094,2361.09426805054,68.0117899377755,672.692605476792,2058.42518184524,1070.90313694281,677.660159024151,762.937865123497,1337.51889941051,540.462901596649,831.082094427332,Exosome component 10,Q01780,605960.0,gene,5394.0,EXOSC10,ENSG00000171824,bacteria
sp|Q01780|EXOSX_HUMAN,sp,Q01780,EXOSX,HUMAN,0283361|tr|A0A3R6MDU7|A0A3R6MDU7_9BACT,283361,tr,A0A3R6MDU7,A0A3R6MDU7,AEELPK,541,546,AEELPK,179,184,LFRFTAEELPKVRIIT,6,,,,,,very_weak,,,,,weak,very_weak,,,,,weak,very_weak,,,,,,,,,,,,,,weak,very_weak,,weak,very_weak,,,very_weak,,,,strong,weak,very_weak,,weak,very_weak,,,very_weak,,weak,very_weak,,,,strong,weak,very_weak,,,very_weak,,,very_weak,,weak,very_weak,,,,,,very_weak,,,very_weak,,,,strong,weak,very_weak,21.165,17.425,34.46,5.4,36.6,9.235,21.915,20.545,25.61,54.29,8.835,3.615,24.2,0.705,3.225,8.155,59.205,1.5,17.634999999999998,12.905,2.685,26.885,15.215,15.5,26.83,480.249844567143,288.76227801004,832.963574868643,215.612019871893,318.502706759365,638.523692250097,879.533592790887,219.211024717518,311.344065084697,2333.31113561497,897.694957806244,57.8485280017003,1618.50697281869,37.7345682233946,276.809877695163,29.1195699228753,2156.89963844614,60.9810772838281,815.343936072823,174.246613231899,70.3286394676186,331.232388926366,181.963264850261,206.882093679247,Exosome component 10,Q01780,605960.0,gene,5394.0,EXOSC10,ENSG00000171824,bacteria
sp|Q01780|EXOSX_HUMAN,sp,Q01780,EXOSX,HUMAN,0283361|tr|A0A3R6IDT6|A0A3R6IDT6_9BACT,283361,tr,A0A3R6IDT6,A0A3R6IDT6,QKDFGL,376,381,QKDFGL,428,433,NKKLIQKDFGLAHTIK,6,,,,,,very_weak,,,,strong,weak,very_weak,,,,,,very_weak,strong,weak,very_weak,,,,,,very_weak,,,,,,very_weak,strong,weak,very_weak,,,very_weak,,,,,,very_weak,,weak,very_weak,,,,,,,,,,,,very_weak,,,,,weak,very_weak,,,very_weak,,,very_weak,,,,,,,,,,strong,weak,very_weak,37.365,11.035,22.885,1.79,22.355,10.665,0.7250000000000001,34.26,14.895,30.11,12.725,1.41,73.08,11.825,7.125,27.055,53.81,10.03,22.28,5.895,16.47,14.22,37.375,23.415,27.945,3728.03812991901,239.872972811292,857.071777012974,82.9156371744982,381.65460598988,1046.086319998,29.3886123897366,682.922964541944,224.610666082882,1172.7934688329,1883.88861195116,110.805021066734,7663.08343395187,653.473699492787,932.785820240981,142.116711199108,2444.11612943917,1166.88248143741,1093.60753421328,124.254502562599,718.534256191098,422.623460091977,578.963703538266,593.976278178878,Exosome component 10,Q01780,605960.0,gene,5394.0,EXOSC10,ENSG00000171824,bacteria
sp|Q01780|EXOSX_HUMAN,sp,Q01780,EXOSX,HUMAN,0283361|tr|A0A3R6KZP9|A0A3R6KZP9_9BACT,283361,tr,A0A3R6KZP9,A0A3R6KZP9,TKASGG,47,52,TKASGG,1789,1794,NCENITKASGGRYSLY,6,,,,,,,,,,,,,,,,,,,,,,,,,,,,,,,,,,,,,,,very_weak,,,,,,,,,,,,,,,,,,,,,,,weak,very_weak,,,,,,,,,,,,very_weak,,,,,,,,weak,very_weak,90.465,56.78,49.17,46.39,25.995,45.865,28.285,23.090000000000003,29.18,26.025,56.785,79.625,74.79499999999999,76.14500000000001,59.405,27.57,36.27,76.09,6.859999999999999,62.39,67.58500000000001,36.655,11.43,70.745,41.755,18322.927718184,1965.67980127371,1799.86389150545,5773.46062192626,752.965750432414,5148.86739967138,2722.95868912446,569.803425741035,591.756799932348,324.460970673701,8378.39166884694,7710.82351041598,8265.12363508159,8526.63532467478,7240.70662385705,196.407672317402,1842.1243996176,10316.584715488,694.292294198843,3103.36461574886,6276.01629701106,481.764320802481,220.416839063215,4539.77670978892,Exosome component 10,Q01780,605960.0,gene,5394.0,EXOSC10,ENSG00000171824,bacteria
sp|Q01780|EXOSX_HUMAN,sp,Q01780,EXOSX,HUMAN,0283361|tr|A0A416A6P2|A0A416A6P2_9BACT,283361,tr,A0A416A6P2,A0A416A6P2,LLDEAS,127,132,LLDEAS,164,169,KGAYMLLDEASVTGTA,6,,,very_weak,,,,,,very_weak,,weak,very_weak,,,,,weak,very_weak,,weak,very_weak,,,very_weak,,,,,,,,,,,,,,,very_weak,,,very_weak,,,very_weak,,,,,weak,very_weak,,weak,very_weak,,,,,,,,,very_weak,,weak,very_weak,,,,,,very_weak,,,very_weak,,weak,very_weak,,,very_weak,,weak,very_weak,12.43,26.175,18.765,2.36,21.67,8.145,3.785,19.880000000000003,22.195,29.0,24.335,33.99,19.955,19.4,27.695,2.26,42.465,20.615,16.385,7.035,24.79,15.0,12.955,8.335,16.345,1061.34051876156,628.461862734184,1441.52274344373,100.83857804683,1241.22021641363,931.706543782971,184.808543145585,1125.66132095176,312.214397115306,601.484728116616,5536.22334555976,2348.88914156621,1520.10870364698,1384.44448245839,3885.10013837275,28.2194500280753,1029.07868568233,2535.56553677822,1944.96810290042,209.762662262233,1415.8935603466,1160.81287460646,538.565740318001,379.702272378349,Exosome component 10,Q01780,605960.0,gene,5394.0,EXOSC10,ENSG00000171824,bacteria
sp|Q01780|EXOSX_HUMAN,sp,Q01780,EXOSX,HUMAN,0283361|tr|A0A416AGA2|A0A416AGA2_9BACT,283361,tr,A0A416AGA2,A0A416AGA2,EQAKEA,751,756,EQAKEA,64,69,YHFTDEQAKEAAAKYR,6,,,,,,,,,,,,,,,,,,,,,,,,,,,,,,,,,,,,,,,very_weak,,,,,,,,,,,,,,,very_weak,,,,,,,,,,,,,,,,,,very_weak,,,,,,,,,,,,very_weak,70.94999999999999,50.705,40.785,37.04,63.575,37.76,59.3,46.14,58.825,41.620000000000005,33.605000000000004,41.81,45.895,40.18,39.14,11.41,29.785000000000004,42.855,60.605,21.28,43.415000000000006,17.8,42.07,43.885,39.355,15293.869155378,5259.90713090419,5139.68351532971,5660.08555771873,10612.6478908426,11689.7265832412,9776.36412933227,5364.45371785143,8786.24347718598,2728.76885552976,9529.06321239549,7061.67188703941,4569.64085192745,6700.80420333503,9492.0185594819,217.093797769092,2911.38394731203,10242.6217211745,11527.8251603038,1703.32849639513,5285.69392025454,2528.66152049876,3160.42777244471,4775.42001353478,Exosome component 10,Q01780,605960.0,gene,5394.0,EXOSC10,ENSG00000171824,bacteria
sp|Q01780|EXOSX_HUMAN,sp,Q01780,EXOSX,HUMAN,0283361|tr|A0A416AED5|A0A416AED5_9BACT,283361,tr,A0A416AED5,A0A416AED5,DPAIVK,358,363,DPAIVK,203,208,KGSLADPAIVKESVHH,6,,,,,,,,,,,,,,,,,,,,,very_weak,,,,,,,,,very_weak,,,,,,,,,,,,,,,,,,,,,,,,,,weak,very_weak,,,,,,,,,,,,,,,,,,,,,,,,,,weak,very_weak,77.695,63.725,68.275,23.04,78.725,53.75,14.335,69.89999999999999,65.52,13.95,41.805,63.865,37.99,60.195,68.5,65.895,6.335,58.675,76.845,55.95,55.94500000000001,33.864999999999995,56.16,71.815,70.3,12017.2618061197,4480.05095101994,6071.43175180534,1895.27636650016,7555.88771006097,8689.24596076222,964.269378614662,4480.87507049621,3897.30970095752,288.659193068289,9793.09136165369,9138.29542652373,2989.6246008745,8187.6873482306,10290.1639164794,1087.46009742668,538.997122971883,11733.1899092493,10288.71663347,3060.54892617662,6034.88630088342,1767.40466423953,2604.66443880556,6056.6691308082,Exosome component 10,Q01780,605960.0,gene,5394.0,EXOSC10,ENSG00000171824,bacteria
sp|Q01780|EXOSX_HUMAN,sp,Q01780,EXOSX,HUMAN,0283361|tr|A0A416AG31|A0A416AG31_9BACT,283361,tr,A0A416AG31,A0A416AG31,ARLLNL,393,398,ARLLNL,378,383,LYLMIARLLNLQPAPN,6,,,,,,very_weak,,,very_weak,,,,,,,,,,,,,,,,,,,,,,,,,,weak,very_weak,,,,,,,,,very_weak,,,,,,,,,very_weak,,weak,very_weak,,,very_weak,,,very_weak,,,very_weak,,,very_weak,,,,,,,,,very_weak,,weak,very_weak,,weak,very_weak,26.58,11.455,13.23,46.255,20.745,35.055,38.86,39.835,34.285,55.19,24.79,9.84,41.22,10.05,20.145,18.24,7.22,12.09,11.52,10.495,19.65,23.7,44.395,10.81,9.61,646.28751422973,61.1654400977865,140.491530463028,2528.19645080252,103.869440875777,1367.20657270456,1677.79405042878,229.859615929888,285.936169892906,1859.96913422413,1467.12366700833,104.023521717271,2370.30894848,64.2742156361002,521.545473235334,42.7987117478784,178.368770944914,169.248222514602,206.870901890059,122.005742891247,184.51883028363,164.642420702736,347.206153295286,82.0277817665231,Exosome component 10,Q01780,605960.0,gene,5394.0,EXOSC10,ENSG00000171824,bacteria
sp|Q01780|EXOSX_HUMAN,sp,Q01780,EXOSX,HUMAN,0283361|tr|A0A416A1V1|A0A416A1V1_9BACT,283361,tr,A0A416A1V1,A0A416A1V1,PEEMLS,430,435,PEEMLS,96,101,KRGEGPEEMLSAETFR,6,,,,,,,,,,,,,,,,,,,,,,,,,,,,,,,,,,,,,,,,,,very_weak,,,,,,,,,,,,,,,,,,,,,,,,,,,,,,,,,,,,,,,,,,very_weak,53.52,79.455,88.065,64.055,81.35,88.30000000000001,85.935,55.19499999999999,89.66999999999999,57.245000000000005,71.045,70.265,19.93,70.05,71.16499999999999,46.605,60.78,66.175,40.935,75.595,64.78,56.565,66.795,68.13,86.39,6398.88959334347,10455.8169780209,14170.1854773289,11164.236602332,13986.4847794093,25767.0151120956,17695.1719430173,7607.15650735792,14660.3519870695,4717.49161629603,17034.4654407302,8649.66176755939,1205.92802088661,7606.74497975568,13171.1772587462,1793.00263545267,5778.46019049208,10375.2413726568,6731.90668381387,10158.6317522353,5007.39509625261,4359.17151519711,5924.38469752283,8110.71329253804,Exosome component 10,Q01780,605960.0,gene,5394.0,EXOSC10,ENSG00000171824,bacteria
sp|Q01780|EXOSX_HUMAN,sp,Q01780,EXOSX,HUMAN,0283361|tr|A0A416A1J0|A0A416A1J0_9BACT,283361,tr,A0A416A1J0,A0A416A1J0,LMQIST,328,333,LMQIST,68,73,RYKISLMQISTDEACF,6,,,very_weak,strong,weak,very_weak,,,,,,,,,,,,,,,,,,,,,,,,,,,,,,,,,,,,very_weak,,,very_weak,,,,,,,,,,,,,,,,,,,,weak,very_weak,,,,,,,,,,,weak,very_weak,,,,strong,weak,very_weak,18.195,0.5650000000000001,23.495,41.845,33.81,33.84,40.33,32.495,43.53,35.975,23.54,20.175,12.97,13.885,20.325,28.045,25.745,22.93,22.48,8.855,27.96,26.235000000000003,25.575000000000003,3.12,25.52,806.21192523328,52.4497157753227,425.564743564531,2541.47076788475,635.711161343516,1267.24756388608,2951.37833021511,287.154608585963,932.644535441278,895.812639106013,1611.29069886877,503.480825992424,751.346256980194,257.801746780506,896.937674291123,68.5147698721138,398.854146932003,871.095257308815,811.866744754789,159.058443208605,524.647026572918,298.014885284771,171.181975831393,53.4147135294308,Exosome component 10,Q01780,605960.0,gene,5394.0,EXOSC10,ENSG00000171824,bacteria
sp|Q01780|EXOSX_HUMAN,sp,Q01780,EXOSX,HUMAN,0283361|tr|A0A416A386|A0A416A386_9BACT,283361,tr,A0A416A386,A0A416A386,NRKAAE,157,162,NRKAAE,205,210,ETADLNRKAAEASLKG,6,,,,,,,,,very_weak,,,,,,,,,,,,,,,,,,,,,,,weak,very_weak,,,,,,very_weak,,,,,,,,,,,,,,,,,,,,,,,,,,,,,,,,weak,very_weak,,,,,,,,,,,weak,very_weak,77.715,27.495,11.495,75.0,43.53,38.27,46.24,46.365,36.510000000000005,32.79,8.675,46.28,59.41,63.66,46.315,30.71,30.465,57.97,56.625,38.83,58.245,3.49,34.355,55.975,26.745,16129.7228367193,1979.74564479307,1080.77407191914,10408.2977176661,4769.17215697562,7467.38110968019,7229.0429449619,2842.93184353666,3146.77927737408,1478.75753676562,2670.03602459696,10471.100636395,6541.55681610044,10179.5369200688,7975.3940750676,680.334317813032,2273.8944894748,14138.1781631681,9310.35451798408,3106.85866380721,7229.82515369649,812.965514887219,1333.63168307912,5697.68933379378,Exosome component 10,Q01780,605960.0,gene,5394.0,EXOSC10,ENSG00000171824,bacteria
sp|Q01780|EXOSX_HUMAN,sp,Q01780,EXOSX,HUMAN,0283361|tr|A0A3R6KYU3|A0A3R6KYU3_9BACT,283361,tr,A0A3R6KYU3,A0A3R6KYU3,SETFRL,169,174,SETFRL,204,209,IGANGSETFRLTAEVE,6,,,,,,,,,,,,,,,,,,,,,,,,,,,,,,very_weak,,,,,,,,,,,weak,very_weak,,,,,,,,,,,,,,,,,,,,,,,,,,,,,,,,,,,,,,,,,weak,very_weak,20.415,77.08,67.9,64.965,67.655,56.495,62.545,38.775,51.625,16.375,69.455,21.76,7.38,38.370000000000005,44.72,64.18,24.77,36.290000000000006,70.96000000000001,69.44999999999999,38.455,23.125,31.505000000000003,62.535,52.76,2177.25172651576,4109.24161570948,5267.53873979222,5128.79545816075,4296.0076543727,4185.02674783358,6754.74354345049,1279.9388352206,1058.33611029142,407.777731455992,12118.847526045,1441.50714657164,546.549274900333,2261.40596544148,5600.56835705132,1112.25914109398,976.384748353982,3482.95063527612,6939.12324802924,4355.02294682225,2031.45422967251,635.828102412953,891.683489881396,3214.22491160786,Exosome component 10,Q01780,605960.0,gene,5394.0,EXOSC10,ENSG00000171824,bacteria
sp|Q01780|EXOSX_HUMAN,sp,Q01780,EXOSX,HUMAN,0283361|tr|A0A416AE19|A0A416AE19_9BACT,283361,tr,A0A416AE19,A0A416AE19,ISVRQQ,765,770,ISVRQQ,70,75,NYGSGISVRQQDTVLV,6,,,,,weak,very_weak,,,,,,,,,,,,,,,,,,,,,,,,very_weak,,,,,,,,,,,,,,,,,,,,,,,,,,weak,very_weak,,,,,,very_weak,,,,,,,,,,,,,,,,,,,,weak,very_weak,55.915,8.870000000000001,41.72,31.53,32.635,54.165000000000006,31.58,35.2,24.525,12.41,60.120000000000005,62.575,44.92,61.205,64.51,34.06,3.715,61.72,17.785,32.615,60.255,21.24,41.59,34.55,52.150000000000006,5688.63431964342,414.248082529785,3059.42324157596,3014.7011277031,1973.54346169581,7105.5114810342,3920.52884095903,1130.55587311877,397.024264217089,295.603131399705,12636.5214658473,7689.7447357431,2949.71826778145,5055.19083932625,10117.3879859644,316.496512611211,204.288492499084,9645.76216106068,1790.30807735371,1139.26196962204,4671.11949512332,588.016700366022,1226.49526705887,1209.06357996626,Exosome component 10,Q01780,605960.0,gene,5394.0,EXOSC10,ENSG00000171824,bacteria
sp|Q01780|EXOSX_HUMAN,sp,Q01780,EXOSX,HUMAN,0283361|tr|A0A416A3E4|A0A416A3E4_9BACT,283361,tr,A0A416A3E4,A0A416A3E4,AVKKKA,738,743,AVKKKA,313,318,GNWKKAVKKKALAPEV,6,,,,,,,,weak,very_weak,,,,,,,,,,,,,,,,,,,,,,,,very_weak,,,,,,very_weak,,,,,,,,,,,,,,,,,,,,,,,,,,,,,,,,weak,very_weak,,,,,,,strong,weak,very_weak,strong,weak,very_weak,88.18,25.905,2.995,71.805,45.245000000000005,40.99,42.7,41.355,24.93,65.125,16.715,37.57,83.405,46.5,27.715,44.57,68.73,47.55,39.225,58.56,43.825,9.825,35.87,60.17,0.81,19702.664269589,1173.47889477617,340.996193708285,10549.5667131863,2223.74882710999,5846.82245249062,6587.86735552715,1086.26061956171,1608.45149252821,2887.13558277674,2616.6693233033,5530.47586295124,11136.1269160091,6097.63336202076,4492.42867379375,458.353524656429,6426.29576989002,9032.71900602687,4404.49551766128,3238.4861711627,4431.45548868982,947.402127010446,694.277270184024,3837.18288411729,Exosome component 10,Q01780,605960.0,gene,5394.0,EXOSC10,ENSG00000171824,bacteria
sp|Q01780|EXOSX_HUMAN,sp,Q01780,EXOSX,HUMAN,0283361|tr|A0A416A8P9|A0A416A8P9_9BACT,283361,tr,A0A416A8P9,A0A416A8P9,DSKEAV,734,739,DSKEAV,277,282,LGSSHDSKEAVTTTLF,6,,,,,,,,,,,,,,,,,,,,,,,,,,,,,,,,,,,,,,,,,,,,,,,,,,,,,,,,,,,,,,,,,,,,,,,,,,,,,,,,,,,,,82.195,89.025,74.83,51.38,86.69,84.815,38.035,54.225,79.86500000000001,53.375,51.115,66.175,53.345,80.53999999999999,73.4,74.655,55.725,79.15,76.66499999999999,77.36500000000001,77.79499999999999,41.24,59.405,82.185,85.39500000000001,14042.7412910149,9427.63861502748,8709.67133977164,5973.10806162848,11125.6491813337,19636.2647282518,4699.3555394107,2343.32996381046,7999.50591696345,2568.31222309298,10615.5189415564,10965.3889922361,4264.19301178756,10576.7679867874,13553.706258364,2405.23748465308,4202.26897276374,13221.2930974362,9507.02483327149,6285.66623312251,6984.77107968339,3172.62471319349,2411.67404329354,6980.01156053103,Exosome component 10,Q01780,605960.0,gene,5394.0,EXOSC10,ENSG00000171824,bacteria
sp|Q01780|EXOSX_HUMAN,sp,Q01780,EXOSX,HUMAN,0283361|tr|A0A416A8G9|A0A416A8G9_9BACT,283361,tr,A0A416A8G9,A0A416A8G9,LGLTCL,323,328,LGLTCL,182,187,MIGGFLGLTCLLPFYL,6,,,,,,,,,,,,,,,,,,,,,,,,,,,,,,,,,,,,,,,,,,,,,,,,,,,,,,,,,,,,,,,,,,,,,,,,,,,,,,,,,,,,,40.6,47.21,63.075,49.69,54.690000000000005,65.83,58.44,39.045,56.48,61.54,58.105,37.065,51.915,33.065000000000005,43.73,38.415,58.155,30.7,39.33,55.73,26.155,49.845,56.345,49.73,55.675,694.442552229598,350.603692967313,1736.90215514854,1473.23194541573,505.877989456552,5623.70343146454,2496.52843673202,187.663790441674,645.518776149818,1179.15534449099,4287.55628156412,173.685695702187,2304.10917135346,97.3816735085908,819.820029117665,133.303435795482,1099.11166129691,163.677959442125,455.254577409719,1121.32165975513,139.48882804153,908.74769209352,505.549686771856,518.574460408833,Exosome component 10,Q01780,605960.0,gene,5394.0,EXOSC10,ENSG00000171824,bacteria
sp|Q01780|EXOSX_HUMAN,sp,Q01780,EXOSX,HUMAN,0283361|tr|A0A3R6KTM2|A0A3R6KTM2_9BACT,283361,tr,A0A3R6KTM2,A0A3R6KTM2,FLPSLG,695,700,FLPSLG,676,681,ESLASFLPSLGKQYEE,6,,,,,,,,,,,,very_weak,,,very_weak,,,very_weak,,,,,weak,very_weak,,,very_weak,,,,,,,,,,,weak,very_weak,,,,,,,,,,,,,,,very_weak,,,,,,,,,very_weak,,,very_weak,,,,,weak,very_weak,,weak,very_weak,,,very_weak,,,,,weak,very_weak,21.72,20.945,21.18,11.615,11.275,18.395,38.92,3.875,16.939999999999998,39.77,30.055,28.56,39.64,30.91,23.38,17.189999999999998,35.755,30.11,17.885,18.17,38.36,8.135,2.185,19.15,22.17,1154.76234484694,390.332728762045,498.682752087863,998.639962986109,122.777779082736,1400.12616816019,2587.16616202052,54.3556935072389,441.779217329662,919.46881551247,2397.78014208072,817.481618919843,2068.69570321764,695.329736763016,1344.14882487516,45.8366393702967,821.444896805118,1402.44589306757,727.168639533615,302.720662645803,890.969837110549,71.915332386166,44.4015158400268,244.447567033254,Exosome component 10,Q01780,605960.0,gene,5394.0,EXOSC10,ENSG00000171824,bacteria
sp|Q01780|EXOSX_HUMAN,sp,Q01780,EXOSX,HUMAN,0283361|tr|A0A3R6MB25|A0A3R6MB25_9BACT,283361,tr,A0A3R6MB25,A0A3R6MB25,SKERRE,217,222,SKERRE,6,11,MINEASKERRETVTAF,6,,,,,,,,,,,,,,,,,,,,weak,very_weak,,,,,,,,,,,,,,,,,,,,,,,,,,,,,,,,,,,,,,,,,,,,,,,,,,,,,,,,,,,,,,weak,very_weak,85.65,51.785,65.515,52.35,80.94,75.305,9.44,82.375,51.945,79.515,77.07,84.7,61.315,82.52000000000001,72.42500000000001,86.325,43.845,84.025,71.63,85.255,77.56,47.26,86.58500000000001,87.63499999999999,44.735,15856.6678874428,2560.26616793411,6015.26413484759,4207.13682520375,7464.14999261115,14109.9066562474,763.606798510152,7541.92086655728,4549.90658646317,5759.36019918875,17342.9950740515,13668.8715936764,6221.65737242272,11581.9593154137,12058.9416337865,4557.59279231066,3325.62532935857,16079.0173758456,8509.492907343,7456.88509007364,9181.60581925874,3578.09983065553,7000.88683549662,8413.00149812932,Exosome component 10,Q01780,605960.0,gene,5394.0,EXOSC10,ENSG00000171824,bacteria
sp|Q01780|EXOSX_HUMAN,sp,Q01780,EXOSX,HUMAN,0283361|tr|A0A3R6ILM4|A0A3R6ILM4_9BACT,283361,tr,A0A3R6ILM4,A0A3R6ILM4,VVLENA,771,776,VVLENA,111,116,GGFPYVVLENADGRFL,6,,,very_weak,,weak,very_weak,strong,weak,very_weak,,weak,very_weak,,,very_weak,,weak,very_weak,,weak,very_weak,,,very_weak,,weak,very_weak,,,,,,,,,,,weak,very_weak,,weak,very_weak,,,very_weak,,,very_weak,,,very_weak,strong,weak,very_weak,,,,,,,,,very_weak,strong,weak,very_weak,,,,,,very_weak,,,very_weak,strong,weak,very_weak,,weak,very_weak,strong,weak,very_weak,15.91,5.140000000000001,1.91,9.175,10.4,6.285,2.835,18.31,9.78,38.015,23.845,39.405,9.3,17.955000000000002,17.83,0.955,42.385,28.17,14.27,0.235,22.6,14.895,14.445,0.54,2.375,1651.26610818968,217.519366469006,201.524522330351,572.925346141542,325.153295621255,1000.96575566948,168.524607449735,394.156542470437,153.349938725742,2133.75751922766,5238.55205222777,1899.05331539512,1509.61883190053,953.62413128775,2528.03232897952,12.0411820244334,2041.78899501984,2452.354313336,938.820407927497,33.0915708830869,1062.59295528215,897.452169133958,227.127810764558,38.7838817414813,Exosome component 10,Q01780,605960.0,gene,5394.0,EXOSC10,ENSG00000171824,bacteria
sp|Q01780|EXOSX_HUMAN,sp,Q01780,EXOSX,HUMAN,0283361|tr|A0A3R6MI48|A0A3R6MI48_9BACT,283361,tr,A0A3R6MI48,A0A3R6MI48,AARLLN,392,397,AARLLN,15,20,EDEVPAARLLNSMVTR,6,,,,,,,,,,,,,,,,,,,,,,,,,,,,,,very_weak,,,,,,,,,,,,,,,,,,,,,,,,,,,very_weak,,,,,,,,,,,,,,,very_weak,,,,,,,,,,,,very_weak,65.765,32.415,43.27,69.095,39.555,49.28,58.58,48.04,47.900000000000006,13.945,48.23,48.72,59.625,47.4,44.645,27.18,10.14,61.625,27.54,39.135000000000005,50.995000000000005,19.865,49.295,33.465,40.305,7792.68206225592,392.505312565398,757.886205073175,5738.27410857504,364.206307423487,2399.02575108242,3646.49523949051,469.014086469969,803.512314561299,233.936777391484,3437.31453646013,2862.00515388379,4327.778699509,1640.1195749773,3040.34982620041,36.5780414951031,339.413392178064,4305.50042437173,541.457923509274,443.676139695139,1942.96993826587,249.244204783638,442.391475206766,307.055239154127,Exosome component 10,Q01780,605960.0,gene,5394.0,EXOSC10,ENSG00000171824,bacteria
sp|Q01780|EXOSX_HUMAN,sp,Q01780,EXOSX,HUMAN,0283361|tr|A0A3R6LRL2|A0A3R6LRL2_9BACT,283361,tr,A0A3R6LRL2,A0A3R6LRL2,ELEDKF,105,110,ELEDKF,245,250,YRKQAELEDKFEDLAQ,6,,,,,,,,,,,,,,,,,,,,,,,,,,,,,,,,,,,,,,,,,,,,,,,,,,,,,,,,,,,,very_weak,,,,,,,,,,,,,,,,,,,,,,,,very_weak,25.3,64.31,79.695,40.63,71.32,87.015,35.46,89.315,76.86500000000001,95.0,64.435,28.85,49.965,38.86,37.205,88.94999999999999,73.795,16.785,71.525,77.18,21.265,75.63,89.22,63.760000000000005,67.58500000000001,2689.9859542702,5368.8667392116,13426.5757477535,4800.18176561818,13595.2712732204,22058.3389581713,6334.07040147374,13914.9376687143,12278.8154800909,22193.1181952809,13178.3046473757,2177.53443343972,3969.05742080921,2710.90610037853,5414.36863335198,7417.29509195883,9171.47842886426,2210.72229611074,12146.6775595892,9455.01561756192,1440.46254047067,8941.31650673379,10253.1553090006,5128.5180035172,Exosome component 10,Q01780,605960.0,gene,5394.0,EXOSC10,ENSG00000171824,bacteria
sp|Q01780|EXOSX_HUMAN,sp,Q01780,EXOSX,HUMAN,0283361|tr|A0A415ZUX3|A0A415ZUX3_9BACT,283361,tr,A0A415ZUX3,A0A415ZUX3,IATAVI,653,658,IATAVI,238,243,SLNVAIATAVICAEFR,6,,,,,,,,,,,,,,,,,,,,,,,,,,,,,weak,very_weak,,,,,,,,,,,weak,very_weak,,,,,,,,,very_weak,,,very_weak,,weak,very_weak,,,,,,,,,,,,,,,,,,,,,,,,,,weak,very_weak,37.23,40.285,44.475,59.07,34.875,42.45,49.405,31.515,41.355,8.16,40.510000000000005,58.745000000000005,3.0,50.44499999999999,63.475,10.32,9.875,59.075,44.06999999999999,44.125,45.370000000000005,38.29,33.035,26.415000000000003,62.18000000000001,1946.56811405428,849.574816906789,1107.06043444801,4131.97944510469,1300.17772975409,4160.69128515477,3638.88851039475,466.619918830994,388.323397756412,145.461457291951,3462.21064788299,2671.9433926014,493.321537682241,1352.49344066781,4751.19723243091,106.436030713773,122.7605107287,3450.43072288485,1773.01657245681,996.632242196155,1533.02501046593,884.524756810662,460.421236521097,485.658134062011,Exosome component 10,Q01780,605960.0,gene,5394.0,EXOSC10,ENSG00000171824,bacteria
sp|Q01780|EXOSX_HUMAN,sp,Q01780,EXOSX,HUMAN,0283361|tr|A0A415ZTS4|A0A415ZTS4_9BACT,283361,tr,A0A415ZTS4,A0A415ZTS4,LENAAK,773,778,LENAAK,544,549,AFRIALENAAKRNN,6,,,,,,very_weak,,weak,very_weak,,,very_weak,,,very_weak,,weak,very_weak,strong,weak,very_weak,,,very_weak,,weak,very_weak,,,,,weak,very_weak,,,,strong,weak,very_weak,,,,,,very_weak,,weak,very_weak,,,,,weak,very_weak,,,,,,,,,very_weak,,weak,very_weak,,,very_weak,,weak,very_weak,,weak,very_weak,,,very_weak,,weak,very_weak,strong,weak,very_weak,39.13,11.025,6.865,13.22,17.3,6.6850000000000005,1.4249999999999998,19.445,6.09,26.035,4.859999999999999,30.685,36.6,19.235,8.555,8.05,46.305,27.625,18.0,5.46,18.615,6.4750000000000005,4.135,11.035,9.795,7295.51800062963,574.899999497588,357.444687443461,2202.58076655733,990.343910572412,1086.02558301181,179.94665639163,761.263975909397,318.178935339627,1268.35866905386,1491.19340362321,2663.45740526448,4336.96625675889,1628.81916302927,1773.0357562068,71.6156090399345,2288.87767922804,3906.7667945967,2602.32639178058,210.490188362195,1542.00820285912,568.836319350956,142.76554746258,380.912034047087,Exosome component 10,Q01780,605960.0,gene,5394.0,EXOSC10,ENSG00000171824,bacteria
sp|Q01780|EXOSX_HUMAN,sp,Q01780,EXOSX,HUMAN,0283361|tr|A0A3R6LT34|A0A3R6LT34_9BACT,283361,tr,A0A3R6LT34,A0A3R6LT34,LGTTCL,647,652,LGTTCL,126,131,LGSGWLGTTCLDEWQI,6,,,,,,,,,,,,,,,,,,,,,,,,,,,,,,,,,,,,,,,,,,very_weak,,,,,,,,,very_weak,,,,,,,,,,,,,,,,,,,,,,,,,,,,,,,,,very_weak,36.025,78.33,80.14,48.005,84.83,76.895,83.02000000000001,45.65,87.46000000000001,34.935,64.87,59.235,11.565,48.86,72.715,72.545,67.92,40.405,78.365,59.105,50.11,44.785,59.22,35.72,81.875,2506.16321139321,4903.27735543111,9511.14027980524,5438.8526316752,8632.64561625171,15368.3487696185,11295.4599350585,3067.90917255958,10353.3741758918,1092.5549404941,15175.5174997019,3365.84315919714,849.73109886894,2652.06988299426,8263.156479502,2188.13880849684,3059.68807128661,3379.19845517004,9171.37919603794,4383.81401140918,1978.86760279559,1662.52437104956,3029.61187030253,1659.25374995354,Exosome component 10,Q01780,605960.0,gene,5394.0,EXOSC10,ENSG00000171824,bacteria
sp|Q01780|EXOSX_HUMAN,sp,Q01780,EXOSX,HUMAN,0283361|tr|A0A3R6NEZ2|A0A3R6NEZ2_9BACT,283361,tr,A0A3R6NEZ2,A0A3R6NEZ2,PTSGSV,624,629,PTSGSV,57,62,LGLTEPTSGSVNVCGI,6,,,,,,,,,,,,,,,,,,,,,,,,,,,,strong,weak,very_weak,,,,,,,,,,,,,,,,,,,,,,,,,,,,,,,,,,,,,,,,,,,,,,,,,,,,strong,weak,very_weak,91.09,90.155,89.52000000000001,92.83,91.055,85.03,94.305,79.45500000000001,90.03,0.6699999999999999,90.28,93.075,36.41,93.81,94.185,76.33500000000001,33.57,92.845,92.76,85.315,94.355,32.405,77.73,90.96,92.045,19087.2287391147,11598.7636013931,11628.2926984093,18499.8221687639,14367.4871885363,17972.4468070271,22219.0668120531,6660.32627573624,11822.3926460504,48.7662174619629,23148.1407991884,18426.707019184,3442.67421198163,20530.0705148643,23987.7670978308,3073.12507468122,1455.2821231923,22071.4695132271,20608.6326250357,7222.00687354231,18351.6965317542,1977.75454868966,5180.38368010992,11332.0612050346,Exosome component 10,Q01780,605960.0,gene,5394.0,EXOSC10,ENSG00000171824,bacteria
sp|Q01780|EXOSX_HUMAN,sp,Q01780,EXOSX,HUMAN,0283361|tr|A0A3R6MF68|A0A3R6MF68_9BACT,283361,tr,A0A3R6MF68,A0A3R6MF68,AKKIKQ,855,860,AKKIKQ,288,293,LFYACAKKIKQLTAAK,6,,,,,,,,weak,very_weak,,,,,,,,,,,,,,,,,,very_weak,,,,,,,,,,,,very_weak,,,,,,,,,,,,,,,,,,,,,,,,,,,,,,,,,,,,,,,,strong,weak,very_weak,strong,weak,very_weak,78.355,42.330000000000005,2.9000000000000004,65.65,53.62,32.42,41.18,41.175,16.72,60.49,39.05,45.875,88.435,54.225,27.72,34.245,56.265,55.075,46.5,38.525,59.635000000000005,35.74,33.55,51.655,1.085,9534.83869359083,554.291199669357,160.955862113139,5198.51969714157,549.805470867646,2437.69848469842,2469.9026607337,175.400455691252,484.50347192476,1184.14155504457,2734.2068067941,1577.42900453172,10643.2357348219,1803.35313825363,1356.96408539032,96.1556348957625,1916.72353696001,3540.7050756598,1683.48568417066,980.937966669447,1973.58616876327,257.308502916861,173.323380671385,1458.92395915221,Exosome component 10,Q01780,605960.0,gene,5394.0,EXOSC10,ENSG00000171824,bacteria
sp|Q01780|EXOSX_HUMAN,sp,Q01780,EXOSX,HUMAN,0283361|tr|A0A3R6LWT7|A0A3R6LWT7_9BACT,283361,tr,A0A3R6LWT7,A0A3R6LWT7,DPNKQT,841,846,DPNKQT,211,216,RVTVTDPNKQTGETTM,6,,,,,,,,,,,,,,,,,,,,,,,,,,,,,,,,,,,,,,,,,,,,,,,,,,,,,,,,,,,,,,,,,,,,,,,,,,,,,,,,,,,,,92.005,49.13,56.865,37.175,76.315,60.855,36.26,63.525000000000006,56.645,69.505,74.0,95.0,83.255,85.36,80.28,77.39500000000001,77.66499999999999,83.945,76.625,45.49,87.38499999999999,74.6,78.08,63.62,67.215,25417.0190297994,5124.57976702737,7052.96700413112,7265.66255525586,12452.7461210508,15909.2539748336,6653.91573320962,8637.78432722884,5324.09286093214,6752.77054131232,23127.8626085675,26998.5330552031,11942.6008122121,20398.106499504,22356.7631946684,5877.64843210016,11341.6288521397,25315.4700229998,17122.6081583006,4258.24541007933,17170.8443082882,7790.2373081531,10261.9230681482,8482.28353703978,Exosome component 10,Q01780,605960.0,gene,5394.0,EXOSC10,ENSG00000171824,bacteria
sp|Q01780|EXOSX_HUMAN,sp,Q01780,EXOSX,HUMAN,0283361|tr|A0A3R6NEH5|A0A3R6NEH5_9BACT,283361,tr,A0A3R6NEH5,A0A3R6NEH5,QYELNH,259,264,QYELNH,66,71,CFHKIQYELNHPIHRH,6,,weak,very_weak,,weak,very_weak,,weak,very_weak,,weak,very_weak,strong,weak,very_weak,strong,weak,very_weak,,weak,very_weak,,weak,very_weak,strong,weak,very_weak,,,,,weak,very_weak,,weak,very_weak,strong,weak,very_weak,,,,,weak,very_weak,strong,weak,very_weak,,,,strong,weak,very_weak,,,,,weak,very_weak,strong,weak,very_weak,,weak,very_weak,strong,weak,very_weak,,weak,very_weak,,weak,very_weak,,weak,very_weak,,weak,very_weak,strong,weak,very_weak,6.574999999999999,3.42,8.745,3.045,0.285,0.69,3.35,2.415,0.645,46.945,5.1,3.72,42.47,2.455,1.1,1.3250000000000002,45.785,3.03,1.515,2.895,1.465,2.74,6.025,5.45,8.004999999999999,1155.39972858738,157.447219948939,493.40694714949,285.061973202694,26.1568397032571,78.3988829469462,233.752076826718,76.4686543620429,36.4729190065857,4078.32467213581,1672.91789620291,131.635110423603,5495.16466782804,166.23731858424,395.720512339313,14.2877728250256,2877.77932582067,212.434956079474,218.113260604312,104.457747402722,158.57386730876,401.91256581646,180.785809617928,149.291423868575,Exosome component 10,Q01780,605960.0,gene,5394.0,EXOSC10,ENSG00000171824,bacteria
sp|Q01780|EXOSX_HUMAN,sp,Q01780,EXOSX,HUMAN,0283361|tr|A0A3R6IPV4|A0A3R6IPV4_9BACT,283361,tr,A0A3R6IPV4,A0A3R6IPV4,LFPDEK,637,642,LFPDEK,832,837,RGMVLLFPDEKGFQNF,6,strong,weak,very_weak,,weak,very_weak,,,,,,very_weak,,weak,very_weak,,,,strong,weak,very_weak,,,,,,,,,,,,,,,,,,very_weak,,,,,,,,,,,,,,,,,,,,,,,,very_weak,,weak,very_weak,,,,,,very_weak,,,,,weak,very_weak,,,,strong,weak,very_weak,0.355,3.76,22.32,13.025,2.19,34.665,0.49,42.855,24.965,78.71000000000001,60.36,47.035,38.645,40.645,28.18,21.94,45.620000000000005,33.815,18.045,5.49,40.655,19.43,41.165,4.51,20.17,137.592647857119,170.774987186069,1556.57513590497,1075.93205052511,125.029945768894,5914.00950733541,54.886990054322,3083.81705210317,1358.56537295792,6761.76333198282,8779.11647881921,2903.55087201725,2556.03134274147,1697.64324773635,2208.25995734199,318.085998025914,2826.6451714921,2797.61841227325,1577.42900453172,354.011496110911,1262.43035217278,1169.347035349,1903.43494496581,249.157923176163,Exosome component 10,Q01780,605960.0,gene,5394.0,EXOSC10,ENSG00000171824,bacteria
