human_id,database,protein,gene,species,pathogen_id,pathogen_species,database_pathogen,pathogen_protein,pathogen_gene,human_seq,human_start,human_end,pathogen_seq,pathogen_start,pathogen_end,extended_pathogen_seq,pathogen_length,binding_rank_strong_HLA_DQA10101_DQB10501,binding_rank_weak_HLA_DQA10101_DQB10501,binding_rank_very_weak_HLA_DQA10101_DQB10501,binding_rank_strong_DRB4_0101,binding_rank_weak_DRB4_0101,binding_rank_very_weak_DRB4_0101,binding_rank_strong_DRB1_0802,binding_rank_weak_DRB1_0802,binding_rank_very_weak_DRB1_0802,binding_rank_strong_DRB3_0101,binding_rank_weak_DRB3_0101,binding_rank_very_weak_DRB3_0101,binding_rank_strong_DRB1_1501,binding_rank_weak_DRB1_1501,binding_rank_very_weak_DRB1_1501,binding_rank_strong_DRB3_0202,binding_rank_weak_DRB3_0202,binding_rank_very_weak_DRB3_0202,binding_rank_strong_DRB1_0301,binding_rank_weak_DRB1_0301,binding_rank_very_weak_DRB1_0301,binding_rank_strong_DRB1_0701,binding_rank_weak_DRB1_0701,binding_rank_very_weak_DRB1_0701,binding_rank_strong_DRB1_1302,binding_rank_weak_DRB1_1302,binding_rank_very_weak_DRB1_1302,binding_rank_strong_HLA_DQA10501_DQB10301,binding_rank_weak_HLA_DQA10501_DQB10301,binding_rank_very_weak_HLA_DQA10501_DQB10301,binding_rank_strong_HLA_DPA10201_DPB11401,binding_rank_weak_HLA_DPA10201_DPB11401,binding_rank_very_weak_HLA_DPA10201_DPB11401,binding_rank_strong_HLA_DPA10103_DPB10201,binding_rank_weak_HLA_DPA10103_DPB10201,binding_rank_very_weak_HLA_DPA10103_DPB10201,binding_rank_strong_DRB5_0101,binding_rank_weak_DRB5_0101,binding_rank_very_weak_DRB5_0101,binding_rank_strong_HLA_DQA10301_DQB10302,binding_rank_weak_HLA_DQA10301_DQB10302,binding_rank_very_weak_HLA_DQA10301_DQB10302,binding_rank_strong_HLA_DPA10301_DPB10402,binding_rank_weak_HLA_DPA10301_DPB10402,binding_rank_very_weak_HLA_DPA10301_DPB10402,binding_rank_strong_HLA_DPA10201_DPB10501,binding_rank_weak_HLA_DPA10201_DPB10501,binding_rank_very_weak_HLA_DPA10201_DPB10501,binding_rank_strong_HLA_DQA10501_DQB10201,binding_rank_weak_HLA_DQA10501_DQB10201,binding_rank_very_weak_HLA_DQA10501_DQB10201,binding_rank_strong_DRB1_0101,binding_rank_weak_DRB1_0101,binding_rank_very_weak_DRB1_0101,binding_rank_strong_HLA_DQA10102_DQB10602,binding_rank_weak_HLA_DQA10102_DQB10602,binding_rank_very_weak_HLA_DQA10102_DQB10602,binding_rank_strong_HLA_DPA10103_DPB10401,binding_rank_weak_HLA_DPA10103_DPB10401,binding_rank_very_weak_HLA_DPA10103_DPB10401,binding_rank_strong_DRB1_1201,binding_rank_weak_DRB1_1201,binding_rank_very_weak_DRB1_1201,binding_rank_strong_DRB1_0401,binding_rank_weak_DRB1_0401,binding_rank_very_weak_DRB1_0401,binding_rank_strong_HLA_DPA10201_DPB10101,binding_rank_weak_HLA_DPA10201_DPB10101,binding_rank_very_weak_HLA_DPA10201_DPB10101,binding_rank_strong_HLA_DQA10401_DQB10402,binding_rank_weak_HLA_DQA10401_DQB10402,binding_rank_very_weak_HLA_DQA10401_DQB10402,binding_rank_strong_DRB1_0901,binding_rank_weak_DRB1_0901,binding_rank_very_weak_DRB1_0901,binding_rank_strong_DRB1_0405,binding_rank_weak_DRB1_0405,binding_rank_very_weak_DRB1_0405,binding_rank_strong_DRB1_1101,binding_rank_weak_DRB1_1101,binding_rank_very_weak_DRB1_1101,binding_rank_strong,binding_rank_weak,binding_rank_very_weak,Rank_average_HLA_DQA10101_DQB10501,Rank_average_DRB4_0101,Rank_average_DRB1_0802,Rank_average_DRB3_0101,Rank_average_DRB1_1501,Rank_average_DRB3_0202,Rank_average_DRB1_0301,Rank_average_DRB1_0701,Rank_average_DRB1_1302,Rank_average_HLA_DQA10501_DQB10301,Rank_average_HLA_DPA10201_DPB11401,Rank_average_HLA_DPA10103_DPB10201,Rank_average_HLA_DQA10301_DQB10302,Rank_average_HLA_DPA10301_DPB10402,Rank_average_HLA_DPA10201_DPB10501,Rank_average_DRB1_0101,Rank_average_HLA_DQA10102_DQB10602,Rank_average_HLA_DPA10103_DPB10401,Rank_average_DRB1_1201,Rank_average_DRB1_0401,Rank_average_HLA_DPA10201_DPB10101,Rank_average_HLA_DQA10401_DQB10402,Rank_average_DRB1_0901,Rank_average_DRB1_0405,Rank_average_DRB1_1101,nM_HLA_DQA10101_DQB10501,nM_DRB4_0101,nM_DRB1_0802,nM_DRB3_0101,nM_DRB1_1501,nM_DRB3_0202,nM_DRB1_0301,nM_DRB1_0701,nM_DRB1_1302,nM_HLA_DQA10501_DQB10301,nM_HLA_DPA10201_DPB11401,nM_HLA_DPA10103_DPB10201,nM_HLA_DQA10301_DQB10302,nM_HLA_DPA10301_DPB10402,nM_HLA_DPA10201_DPB10501,nM_DRB1_0101,nM_HLA_DQA10102_DQB10602,nM_HLA_DPA10103_DPB10401,nM_DRB1_1201,nM_DRB1_0401,nM_HLA_DPA10201_DPB10101,nM_HLA_DQA10401_DQB10402,nM_DRB1_0901,nM_DRB1_0405,Gene description,Uniprot,# MIM Number,MIM Entry Type,Entrez Gene ID,HGNC,Ensembl Gene ID,type
sp|Q9H300|PARL_HUMAN,sp,Q9H300,PARL,HUMAN,0001259|tr|Q1GB68|Q1GB68_LACDA,1259,tr,Q1GB68,Q1GB68,LSDGQR,162,167,LSDGQR,100,105,KLQESLSDGQRSYSPA,6,,,,,,,,,,,,,,,,,,,,,,,,,,,,,,,,,,,,,,,,,,,,,,,,,,,,,,,,,,,,,,,,,,,,,,,,,,,,,,,,,,,,,78.08000000000001,41.685,68.765,30.275,76.345,69.035,22.805,56.48,71.91499999999999,45.06,67.735,86.14,75.105,84.65,73.7,56.14,56.56999999999999,84.61500000000001,69.53,56.075,81.21000000000001,56.21,59.535,72.17,51.1,12836.751761801,1597.24829574979,7231.31158347701,4064.44846307695,8147.30212016508,12510.9529295225,3046.47462659955,4271.25791419726,6503.72949782742,2636.39165405082,18006.8988325208,14814.3841680575,6976.91583795215,12561.0027318,15060.0369368879,1659.43328724305,4802.51949528993,17008.6816943729,10792.830402727,3000.05852430931,10101.6368827838,3160.83814061807,3054.89158854435,5133.07015567645,Presenilin associated rhomboid like,Q9H300,607858.0,gene,55486.0,PARL,ENSG00000175193,bacteria
sp|Q9H300|PARL_HUMAN,sp,Q9H300,PARL,HUMAN,0001259|tr|Q1G7P3|Q1G7P3_LACDA,1259,tr,Q1G7P3,Q1G7P3,GGALFG,337,342,GGALFG,64,69,LGMFFGGALFGLLGDR,6,,,,,,,,,,,,,,,,,,,,,,,,,,,,,,very_weak,,,very_weak,strong,weak,very_weak,,,,,,,strong,weak,very_weak,,weak,very_weak,,,,,,,,,,strong,weak,very_weak,,,,,,,strong,weak,very_weak,,,,,,very_weak,,,,,,,strong,weak,very_weak,32.665,70.125,62.445,51.67,56.435,60.08,81.97999999999999,26.045,70.77,14.37,16.785,1.02,27.285000000000004,1.53,6.005,31.815,45.675,0.53,58.045,64.37,1.025,41.885000000000005,17.59,54.595,54.42,810.787004555457,2229.62733790784,2553.43302919759,3361.43950356063,761.074555208499,5872.69012613374,10453.3284225418,295.788694518249,3377.62664718385,116.143594076222,1614.55412131163,21.8381502245909,1907.3519711909,55.7205096921082,412.789500826606,121.17823471675,723.143637175732,22.1142061273567,3154.2445108799,2086.72484240926,64.8491126371281,539.487219319752,135.008972777267,1167.13501695487,Presenilin associated rhomboid like,Q9H300,607858.0,gene,55486.0,PARL,ENSG00000175193,bacteria
sp|Q9H300|PARL_HUMAN,sp,Q9H300,PARL,HUMAN,0001259|tr|Q1GBU0|Q1GBU0_LACDA,1259,tr,Q1GBU0,Q1GBU0,QAWGAS,15,20,QAWGAS,31,36,YGIKVQAWGASTLAPT,6,,weak,very_weak,,weak,very_weak,,,,,,,strong,weak,very_weak,,,,,,,,weak,very_weak,,,very_weak,,weak,very_weak,,,very_weak,,,very_weak,,,very_weak,,weak,very_weak,,,,,,,,,very_weak,,weak,very_weak,,,very_weak,,,,,,very_weak,,,,,,,strong,weak,very_weak,,weak,very_weak,,,,,,,strong,weak,very_weak,3.025,7.105,25.37,35.1,1.355,23.545,37.895,7.645,18.13,3.205,12.32,15.54,8.73,30.935,28.745,8.355,12.68,22.41,10.16,28.07,33.58,1.48,6.585000000000001,25.48,33.075,594.053403485277,74.8365402759324,426.472800666615,3995.9453426203,74.3893000447193,2183.14904411618,3322.10091041231,237.497074914483,513.138177449694,48.3794168314805,1336.52072765872,680.997136463465,849.832237810478,1400.73226149503,2275.98670932346,61.9031235761321,345.635661270339,1961.66421497608,887.928768489551,821.649342830855,1374.62305177408,77.5518404468975,143.304113419301,877.622883174134,Presenilin associated rhomboid like,Q9H300,607858.0,gene,55486.0,PARL,ENSG00000175193,bacteria
sp|Q9H300|PARL_HUMAN,sp,Q9H300,PARL,HUMAN,0001259|tr|Q1GBD2|Q1GBD2_LACDA,1259,tr,Q1GBD2,Q1GBD2,AANVLV,174,179,AANVLV,458,463,RMMLEAANVLVMDDPT,6,,,very_weak,,weak,very_weak,,,,,,very_weak,,,very_weak,,,very_weak,,,very_weak,,weak,very_weak,,,very_weak,,weak,very_weak,,weak,very_weak,,,very_weak,,,,,weak,very_weak,,weak,very_weak,,,,,weak,very_weak,,weak,very_weak,,weak,very_weak,,,very_weak,,,very_weak,,,very_weak,,,very_weak,,,,,weak,very_weak,,,very_weak,,,,,weak,very_weak,10.1,8.955,26.455,10.335,19.145,14.61,10.995,5.885,13.69,6.025,9.415,15.735,2.52,7.82,26.99,8.79,2.68,17.165,12.51,12.83,14.97,21.725,2.89,15.635,38.73,668.701381234931,307.151600089746,936.274251877989,845.613047840772,356.21694461466,1213.29639340879,937.429816299013,119.430129945554,101.357064660109,245.401576469663,1075.08256777341,682.428075913091,377.220790134982,367.153941978029,2334.01812815896,25.9929259370682,112.905956052011,1135.77888791362,864.08311487231,421.910721798261,568.467158219839,537.058618093034,104.292867055351,438.806572802564,Presenilin associated rhomboid like,Q9H300,607858.0,gene,55486.0,PARL,ENSG00000175193,bacteria
sp|Q9H300|PARL_HUMAN,sp,Q9H300,PARL,HUMAN,0001259|tr|Q1G823|Q1G823_LACDA,1259,tr,Q1G823,Q1G823,TAVLTP,30,35,TAVLTP,172,177,IFDEPTAVLTPQEITE,6,,,,,,,,,,,,,,,,,,,,,,,,,,,,,,,,,,,,,,,,strong,weak,very_weak,,,,,,,,weak,very_weak,,,,,,,,,,,,,,,,,,,,,,,,,,,,,,,strong,weak,very_weak,44.925,60.985,77.005,54.915000000000006,71.94,70.22,78.255,44.56,75.23,26.79,50.74,66.22,1.0499999999999998,58.505,73.0,30.49,29.75,55.06,29.125,56.67,48.8,33.025,51.515,41.285,79.86,7388.06033393383,5141.01833429767,8075.59931872581,7891.87237808382,9270.14719894567,15010.0954254575,12958.7181055747,3716.03719687519,7065.49320679878,1504.93831912165,11288.0073180176,7490.68647920414,555.22756971985,6458.84896517725,12928.3281266126,816.712468606655,1872.1033405803,10315.6917688603,5034.449011975,4452.21723464128,5077.72097125675,2227.04755566445,2843.82402037461,3266.07414270551,Presenilin associated rhomboid like,Q9H300,607858.0,gene,55486.0,PARL,ENSG00000175193,bacteria
sp|Q9H300|PARL_HUMAN,sp,Q9H300,PARL,HUMAN,0001259|tr|Q1GB36|Q1GB36_LACDA,1259,tr,Q1GB36,Q1GB36,SAGVIS,251,256,SAGVIS,18,23,DWGVFSAGVISVVLSI,6,,,,,,,,,,,,,,,,,,,,,,,,very_weak,,,,strong,weak,very_weak,,,,,,,,,,,,very_weak,,,,,,,,weak,very_weak,,,,,,,,,,,,,,,,,,,,,,,weak,very_weak,,,,,,,strong,weak,very_weak,36.15,66.735,53.73,28.165,41.25,40.04,50.86,16.07,48.275,1.08,45.625,37.545,15.995,42.4,66.41,21.905,20.92,42.875,45.065,39.365,56.66,40.18,9.54,36.855,65.62,1165.65845912268,1706.70446104177,1370.64283002781,1554.16862100597,678.342390549272,2043.18124684387,5114.66439165879,123.851834582315,440.628749225716,16.4273364658341,3587.79149416435,897.248277395192,1450.92705780261,644.193108935186,4946.17104555083,49.8480968611442,253.898601042797,1608.79959196105,2404.06668356816,766.868997099093,1277.40703879292,307.494092055092,75.5312412998507,656.066611358983,Presenilin associated rhomboid like,Q9H300,607858.0,gene,55486.0,PARL,ENSG00000175193,bacteria
sp|Q9H300|PARL_HUMAN,sp,Q9H300,PARL,HUMAN,0001259|tr|Q1G8C8|Q1G8C8_LACDA,1259,tr,Q1G8C8,Q1G8C8,VLTPPQ,32,37,VLTPPQ,297,302,LDRMEVLTPPQNGKKA,6,,,,,,very_weak,,,very_weak,,,,,,,,,very_weak,,,,,,,,,,,,,,,very_weak,,,,,,,,,,,,,,,,,,,,,very_weak,,,,,,,,,,,,very_weak,,,,,,very_weak,,,,,,very_weak,,,,,,very_weak,59.91,16.49,14.57,60.505,36.99,19.91,51.35,49.67999999999999,53.655,53.785,17.465,59.385,50.44,41.74,42.68,10.95,38.215,47.77,22.58,15.955,45.155,16.08,43.635000000000005,16.37,21.675,9927.62141774075,1008.71757015931,1059.1609007841,12191.7079531001,3514.29379986721,4981.02546851068,9438.35522207257,5048.90470590734,5720.54471401678,4088.4421854268,5315.11398204913,10927.6070902505,5124.57976702737,7219.74115414126,9417.85122286552,182.381129977593,3298.06956138104,12272.0417920372,3375.03293638828,1075.41995319756,5645.77331965897,1672.7007030944,2511.80971788132,983.21189391648,Presenilin associated rhomboid like,Q9H300,607858.0,gene,55486.0,PARL,ENSG00000175193,bacteria
sp|Q9H300|PARL_HUMAN,sp,Q9H300,PARL,HUMAN,0644875|tr|A0A934P9K2|A0A934P9K2_9STRE,644875,tr,A0A934P9K2,A0A934P9K2,AVYLSA,247,252,AVYLSA,247,252,RQGAGAVYLSAHHPEV,6,,,,,,,,,,,,very_weak,,,very_weak,,,very_weak,,,,,,very_weak,,,,,weak,very_weak,,,,,,,,,,,,,,,,,,,,,,,,very_weak,,weak,very_weak,,,,,,,,,,,,,,weak,very_weak,,weak,very_weak,,,,,,,,weak,very_weak,46.370000000000005,38.15,23.455,18.485,15.625,17.02,31.34,14.075,23.675,6.22,38.745,28.645,21.665,40.615,42.1,14.63,7.585,37.67,32.92,29.065,32.925,8.11,3.97,23.705,22.48,5333.77938670008,1822.79344959398,1425.09983425341,1895.13282664546,535.069188621237,2273.27949679914,4254.83735254509,374.593369438474,1292.9810244186,39.9552121912022,4881.7853316111,2029.76248339095,1926.93324768668,2927.08187956762,5135.62557087742,115.508217884035,314.292049046757,3946.27666917504,3428.17772005869,935.889380370562,2023.33792936442,352.852807719437,129.671600947011,711.448096058034,Presenilin associated rhomboid like,Q9H300,607858.0,gene,55486.0,PARL,ENSG00000175193,bacteria
sp|Q9H300|PARL_HUMAN,sp,Q9H300,PARL,HUMAN,0644875|tr|A0A934UDB6|A0A934UDB6_9STRE,644875,tr,A0A934UDB6,A0A934UDB6,TAVLTP,30,35,TAVLTP,169,174,IFDEPTAVLTPSEIQE,6,,,,,,,,,,,,,,,,,,,,,,,,,,,,,,,,,,,,,,,,strong,weak,very_weak,,,,,,,,,very_weak,,,,,,,,,,,,,,,,,,,,,,,,,,,,,,,strong,weak,very_weak,53.650000000000006,67.55,72.61000000000001,59.81,78.08500000000001,72.25999999999999,80.53999999999999,48.705,77.29499999999999,21.58,56.01,74.125,1.535,72.485,74.5,35.215,35.575,62.495000000000005,44.925,53.225,57.865,29.545,55.16,39.66,79.965,9111.63831351759,5634.48370952408,7395.65826974665,8039.8544218773,9143.93300160196,14589.3035369728,13265.2829150645,3119.59135089519,6787.41815074987,972.462739471303,11746.4001937298,7948.0863701608,671.892459395489,7538.08655172528,13047.917126397,923.776605132989,1986.22518871813,11315.7657508386,7060.29671792054,3861.21339651807,5782.77579563883,1682.55697839396,2858.13698761553,3011.76690077918,Presenilin associated rhomboid like,Q9H300,607858.0,gene,55486.0,PARL,ENSG00000175193,bacteria
sp|Q9H300|PARL_HUMAN,sp,Q9H300,PARL,HUMAN,0644875|tr|A0A934PAG0|A0A934PAG0_9STRE,644875,tr,A0A934PAG0,A0A934PAG0,LAIIFL,296,301,LAIIFL,136,141,TATQMLAIIFLLSHFV,6,,,,,,,,,,,,,,,,,,,,,,,,,,,,,,,,,,,weak,very_weak,,,,,,,,,very_weak,,,,,,,,,,,,,,weak,very_weak,,,,,,,,,,,,,,,,,,,,,,,weak,very_weak,36.37,42.525000000000006,70.19,70.405,43.465,76.35,78.13499999999999,60.55500000000001,74.7,79.96000000000001,62.260000000000005,7.215,72.11,14.38,41.795,51.415,56.95,8.59,48.245000000000005,77.245,27.715,62.175,72.435,68.935,67.875,1802.16330619666,691.286472077259,3396.94096555269,5735.41882392043,745.120684019416,10195.6301163807,8933.96705616091,1531.26779731327,3593.26916573713,4641.79735662184,5980.35075209155,235.121813043744,6893.62456373752,238.842235513448,1901.29429619696,380.463068015267,1603.96775677944,402.269309646366,1433.76083455937,4008.15630047228,515.129662738258,2628.6157716284,2299.32758922388,2054.88702519334,Presenilin associated rhomboid like,Q9H300,607858.0,gene,55486.0,PARL,ENSG00000175193,bacteria
sp|Q9H300|PARL_HUMAN,sp,Q9H300,PARL,HUMAN,0644875|tr|A0A934P9W9|A0A934P9W9_9STRE,644875,tr,A0A934P9W9,A0A934P9W9,KVEPRR,59,64,KVEPRR,625,630,VLMGDKVEPRRQWIED,6,,,,,,,,,,,,very_weak,,,,,,,strong,weak,very_weak,,,,,,,,,,,,,,,,,,,,,,,,,,,,,,,,,,,,,,,,,,,,,,,,,,,,,,,,,,,,,strong,weak,very_weak,76.21,46.22,60.46,11.305,61.785,47.355,1.6949999999999998,83.63,52.46,72.78,66.035,74.0,78.28,75.005,58.435,81.15,78.735,75.805,53.975,59.35,71.36500000000001,40.195,81.175,76.69999999999999,51.48,10686.0450127842,1512.88911721161,5071.35195040215,649.441896610123,4780.02076808395,7468.59313915128,57.3053026638039,6653.48378387282,3252.95475322224,5087.72986912954,12596.660952883,8276.4886459549,8180.33776501336,6711.90607598298,7188.79561283789,2963.8906828499,6437.50003224398,9827.26968806551,5624.00767581544,2471.58683402142,5377.82004830175,1974.37641622985,5911.38657002294,6169.1040931523,Presenilin associated rhomboid like,Q9H300,607858.0,gene,55486.0,PARL,ENSG00000175193,bacteria
sp|Q9H300|PARL_HUMAN,sp,Q9H300,PARL,HUMAN,0644875|tr|A0A934UDE1|A0A934UDE1_9STRE,644875,tr,A0A934UDE1,A0A934UDE1,YLSAGV,249,254,YLSAGV,247,252,NLPYIYLSAGVSSKLF,6,,,,,,,strong,weak,very_weak,,,,,weak,very_weak,,weak,very_weak,,,,,weak,very_weak,,weak,very_weak,,,very_weak,,weak,very_weak,,,,,weak,very_weak,,,,,,,,,,,,,strong,weak,very_weak,,,,,,very_weak,,,,,weak,very_weak,,,,,weak,very_weak,,weak,very_weak,,weak,very_weak,strong,weak,very_weak,strong,weak,very_weak,32.665,23.785,0.975,25.715,6.91,3.75,25.395,9.745,8.844999999999999,12.64,9.895,29.410000000000004,32.335,26.575,22.24,0.33,31.19,18.32,26.485,5.88,34.285000000000004,4.45,8.515,2.565,1.14,2336.01401217485,222.915925709326,79.9891649698954,1516.93769851868,69.1507864571696,164.993729690814,1088.41356742611,40.4629124595304,44.1710367012052,67.7884522054657,706.668549212174,855.357927435203,2583.61354776341,646.525309344992,1170.09374612531,5.04916609210303,482.828862176486,1318.86597549059,721.564863811897,54.0203296786077,1039.06989788268,144.562424861355,31.2980794327616,73.1901469873971,Presenilin associated rhomboid like,Q9H300,607858.0,gene,55486.0,PARL,ENSG00000175193,bacteria
sp|Q9H300|PARL_HUMAN,sp,Q9H300,PARL,HUMAN,0644875|tr|A0A934PA71|A0A934PA71_9STRE,644875,tr,A0A934PA71,A0A934PA71,HLGGAL,335,340,HLGGAL,175,180,ISIEGHLGGALGGVIV,6,,,,,,,,,,,,,,,very_weak,,,,,,,,,,,,,,weak,very_weak,,,,,,,,,,,,,,,,,,,,,,,,,,,,,,,,,,,,,,,,,,,,,very_weak,,,,,,,,weak,very_weak,70.235,67.175,65.57000000000001,77.205,17.93,69.05000000000001,74.72,26.53,44.9,9.985,62.17999999999999,51.975,58.535,71.425,70.875,35.6,33.655,70.185,48.455,77.14,78.58500000000001,41.265,11.12,79.695,68.4,9200.00266898897,2560.93109055703,3922.43817211521,9819.51074446657,761.494638655897,12263.5467642724,10214.4008319078,627.639623107065,1859.46609092121,79.063324410267,10238.300539999,5233.84972633179,4227.16776613597,6937.69687892212,10195.1888680999,255.781838395626,975.698312440183,9513.40453471997,4348.10175612574,5212.09287208716,7103.28230907427,677.47688049636,189.72787505114,6096.05016660266,Presenilin associated rhomboid like,Q9H300,607858.0,gene,55486.0,PARL,ENSG00000175193,bacteria
sp|Q9H300|PARL_HUMAN,sp,Q9H300,PARL,HUMAN,0644875|tr|A0A934P928|A0A934P928_9STRE,644875,tr,A0A934P928,A0A934P928,KKGGGS,373,378,KKGGGS,15,20,QLFAHKKGGGSTSNGR,6,,,,,,,,,very_weak,,,,,,,,,,,,,,,,,,,,,,,,,,,,,,,,,,,,,,,,,,,,,,,,,,,,,,,,,,,,,,,very_weak,,,,,,,,,very_weak,,,very_weak,95.0,75.445,16.625,95.0,67.25,58.49,74.83500000000001,69.92,43.435,23.005000000000003,65.07,60.82,95.0,83.065,72.05499999999999,49.8,87.88499999999999,80.68,82.105,70.02,95.0,17.94,66.795,80.125,16.395,34702.8920893593,6586.29939833761,1586.48356400955,31702.3662146679,6441.12297213182,13696.7039933646,16345.6403480623,8298.54723316411,5919.19482921979,629.57121101964,20049.5392027786,18564.1865132444,31015.6554289508,21684.4511046612,19375.8315200617,1816.96501040303,13427.3021302651,23764.5674249423,16227.7507299701,9225.82020179651,27591.8231959528,1735.28671777313,5291.81679773183,13355.5805507311,Presenilin associated rhomboid like,Q9H300,607858.0,gene,55486.0,PARL,ENSG00000175193,bacteria
sp|Q9H300|PARL_HUMAN,sp,Q9H300,PARL,HUMAN,0283361|tr|A0A3R6J957|A0A3R6J957_9BACT,283361,tr,A0A3R6J957,A0A3R6J957,VLVFCL,177,182,VLVFCL,54,59,WGLILVLVFCLMFPIL,6,,,,,,,,,,,,,,,,,,,,,,,,,,,,,,,,,,,,,,,,,,,,,,,,,,,,,,,,,,,,,,,,,,,,,,,,,,,,,,,,,,,,,55.66,71.58500000000001,84.245,76.965,68.94,80.695,77.84,68.815,73.785,95.0,70.195,58.565,90.57,56.39,64.535,75.28999999999999,85.505,53.925,55.580000000000005,86.705,66.5,68.675,79.39,79.785,78.645,2524.91603785694,2360.25138349245,7785.18163094243,7566.19561655841,2376.39490170915,12613.9820717214,8460.37730709823,2009.17974518596,3348.84276489232,27075.1765908472,8225.95835646214,1202.6444352063,12217.7222485998,1046.05236528293,3817.26485677294,1533.93756645394,6626.3991256528,1705.54148913087,2247.57512800298,7806.43754846355,1982.29631516653,3629.96204050461,3799.09407828797,4580.18424916748,Presenilin associated rhomboid like,Q9H300,607858.0,gene,55486.0,PARL,ENSG00000175193,bacteria
sp|Q9H300|PARL_HUMAN,sp,Q9H300,PARL,HUMAN,0283361|tr|A0A416AC76|A0A416AC76_9BACT,283361,tr,A0A416AC76,A0A416AC76,GALFGI,338,343,GALFGI,200,205,IAHIGGALFGIWFAMR,6,,,,,,,,,,,,,,,,,,,,,,,,,,,,,,very_weak,,,,,,very_weak,,,,,,,,,,,,,,,,,,,,,,,,very_weak,,,very_weak,,,,,,,,,,,,,,,,,,,,,very_weak,40.49,63.4,64.135,56.195,44.0,63.635000000000005,65.52499999999999,39.29,46.17,16.545,61.645,14.6,43.36,35.71,37.075,49.06,37.025,19.49,16.62,67.305,39.43,46.495,48.05,59.145,60.42999999999999,1367.10302652193,1254.88578049009,1890.36119816833,3116.82480883103,375.27895596701,4844.47934287581,4750.06641520927,227.765188808554,377.188139985563,86.0571189195525,4987.60482810147,142.938657786116,3139.09395292515,270.752321948144,1032.48028827563,98.8722887435043,505.65909731986,227.651856047491,225.77777164813,2017.13012472055,368.291843598656,502.588219817445,311.337327810085,1151.95455262665,Presenilin associated rhomboid like,Q9H300,607858.0,gene,55486.0,PARL,ENSG00000175193,bacteria
sp|Q9H300|PARL_HUMAN,sp,Q9H300,PARL,HUMAN,0283361|tr|A0A416AC76|A0A416AC76_9BACT,283361,tr,A0A416AC76,A0A416AC76,GGALFGI,337,343,GGALFGI,199,205,HIAHIGGALFGIWFAMR,7,,,,,,,,,,,,,,,,,,,,,,,,,,,,,,very_weak,,,,,,very_weak,,,,,,,,,,,,,,,,,,,,,,,,very_weak,,,very_weak,,,,,,,,,,,,,,,,,,,,,very_weak,40.49,63.4,64.135,56.195,44.0,63.635000000000005,65.52499999999999,39.29,46.17,16.545,61.645,14.6,43.36,35.71,37.075,49.06,37.025,19.49,16.62,67.305,39.43,46.495,48.05,59.145,60.42999999999999,1367.10302652193,1254.88578049009,1890.36119816833,3116.82480883103,375.27895596701,4844.47934287581,4750.06641520927,227.765188808554,377.188139985563,86.0571189195525,4987.60482810147,142.938657786116,3139.09395292515,270.752321948144,1032.48028827563,98.8722887435043,505.65909731986,227.651856047491,225.77777164813,2017.13012472055,368.291843598656,502.588219817445,311.337327810085,1151.95455262665,Presenilin associated rhomboid like,Q9H300,607858.0,gene,55486.0,PARL,ENSG00000175193,bacteria
sp|Q9H300|PARL_HUMAN,sp,Q9H300,PARL,HUMAN,0283361|tr|A0A415ZYT4|A0A415ZYT4_9BACT,283361,tr,A0A415ZYT4,A0A415ZYT4,KAPRKV,55,60,KAPRKV,255,260,ISSHEKAPRKVIRKAA,6,,,,,,,,,,,,,,,,,,,,,,,,,,,,,,,,,,,,,,,,,,,,,,,,,,,,,,,,,,,,,,,,,,,,,,,,,,,,,,,,,,,,,94.05,53.635,51.45,59.225,65.195,59.365,37.665,64.065,36.58,79.05,53.595,71.425,95.0,77.9,59.13,65.995,84.74000000000001,79.41999999999999,57.95,80.005,80.55000000000001,27.845,66.08500000000001,87.18,26.755,23661.6827133121,1573.83188398833,2284.84451747505,10896.7914731786,2792.53773666322,9457.57349280831,3001.38967823569,3659.1028968295,2755.47086053302,4168.3062461424,10130.9711148047,12324.3357378078,27234.1258894439,10622.4126326399,7918.21584769005,1599.46190791713,8969.12491963554,13969.3948638372,6752.84360518765,5687.89577044513,8855.14934796626,1091.90496778662,3534.96328970059,8667.46166771953,Presenilin associated rhomboid like,Q9H300,607858.0,gene,55486.0,PARL,ENSG00000175193,bacteria
sp|Q9H300|PARL_HUMAN,sp,Q9H300,PARL,HUMAN,0283361|tr|A0A3R6IKB6|A0A3R6IKB6_9BACT,283361,tr,A0A3R6IKB6,A0A3R6IKB6,FDGIKA,132,137,FDGIKA,91,96,VIAGLFDGIKATNKDS,6,,,,,,,,,,,,,,,,,,,,,,,,,,,,,,,,,,,,,strong,weak,very_weak,,,,,,,,,,,,,,,,,,,,,,,,,,,,,,,,,very_weak,,,,,,,,,very_weak,strong,weak,very_weak,54.645,53.43000000000001,29.015,40.245000000000005,27.985,31.005,38.45,27.165,42.215,43.2,28.55,42.945,64.495,47.815,28.56,21.51,60.51,48.870000000000005,49.92999999999999,28.02,45.19,14.495,30.475,37.915,18.52,3586.43308259314,2205.41853388425,2027.61138919229,4161.32158149225,683.913818721748,6710.38120117925,4374.5745421645,1341.99812526618,3002.03923593112,1492.58160623751,7042.21528053895,2069.12102068172,5868.68839424986,3319.80126541846,4112.93354311907,246.148820410585,3252.56761751948,4612.01052500189,3309.83064345264,1545.13130422116,2961.83900032883,499.211804933346,973.399633474309,1837.3271948553,Presenilin associated rhomboid like,Q9H300,607858.0,gene,55486.0,PARL,ENSG00000175193,bacteria
sp|Q9H300|PARL_HUMAN,sp,Q9H300,PARL,HUMAN,0283361|tr|A0A3R6JAN7|A0A3R6JAN7_9BACT,283361,tr,A0A3R6JAN7,A0A3R6JAN7,IIAANV,172,177,IIAANV,83,88,SKQSHIIAANVDQAML,6,,weak,very_weak,strong,weak,very_weak,,weak,very_weak,,weak,very_weak,,,very_weak,,weak,very_weak,,weak,very_weak,,,very_weak,,weak,very_weak,,weak,very_weak,,weak,very_weak,,,,,,,strong,weak,very_weak,,,,,,,strong,weak,very_weak,,,very_weak,,weak,very_weak,,,,,,very_weak,strong,weak,very_weak,,,,,weak,very_weak,,,very_weak,,weak,very_weak,,,,strong,weak,very_weak,2.695,0.025,9.775,5.3,18.025,3.13,5.565,15.044999999999998,7.765000000000001,4.39,5.38,32.455,0.41,25.925,30.44,12.95,2.37,37.92,13.055,1.81,30.94,5.605,10.145,5.475,22.605,235.126901030569,23.4815706022289,371.594049717369,290.498362472526,592.878329924409,169.80032075152,353.219505888997,336.546425111327,47.4375881813328,172.227919324836,1375.06931769698,1966.57326949239,345.411352014182,1379.30115261503,3338.67654731308,84.8505470237475,111.167676745764,3891.66327957887,808.649328864099,80.8383346076747,1481.17548556517,217.670043356618,260.871436014658,193.725173201931,Presenilin associated rhomboid like,Q9H300,607858.0,gene,55486.0,PARL,ENSG00000175193,bacteria
sp|Q9H300|PARL_HUMAN,sp,Q9H300,PARL,HUMAN,0283361|tr|A0A3R6QYW9|A0A3R6QYW9_9BACT,283361,tr,A0A3R6QYW9,A0A3R6QYW9,EINKWW,154,159,EINKWW,6,11,MDYEYEINKWWVSNGE,6,,,very_weak,,,,,,,,,,,,,,weak,very_weak,,,,,,,,,,,,,,,,,weak,very_weak,,,,,,,,,very_weak,,,,,,,,,,,,,,,very_weak,,,,,,,,,,,weak,very_weak,,,,,,,,,,,weak,very_weak,13.025,28.585,27.66,20.945,22.0,7.265000000000001,54.22,31.38,26.57,55.260000000000005,47.56,7.935,54.47,17.655,27.255000000000003,29.88,47.425,11.035,48.7,31.725,23.905,4.98,35.28,33.614999999999995,23.215,978.446955036358,1528.04044741161,2215.99085965922,2024.19190017118,920.474158051431,1087.47186356748,6747.00099253558,1172.93306015801,1527.36274232853,2918.13287080089,9969.38591071979,608.771844936039,4050.48798855076,1567.79835708412,3648.78430532411,458.854686075333,2376.39490170915,1531.81463820898,4304.24282495458,1105.02602079729,1749.16059307925,199.990988778037,1227.61048794864,1129.0889419708,Presenilin associated rhomboid like,Q9H300,607858.0,gene,55486.0,PARL,ENSG00000175193,bacteria
sp|Q9H300|PARL_HUMAN,sp,Q9H300,PARL,HUMAN,0283361|tr|A0A3R6MG02|A0A3R6MG02_9BACT,283361,tr,A0A3R6MG02,A0A3R6MG02,EELTAV,27,32,EELTAV,540,545,EQASLEELTAVDEIGD,6,,,,,,,,,,,,,,,,,,,,,,,,,,,,,,,,,,,,,,,,,weak,very_weak,,,,,,,,weak,very_weak,,,,,,,,,,,,,,,,,,,,,,,,,,,,,,,,weak,very_weak,23.47,65.36500000000001,70.48,56.91499999999999,64.725,66.865,73.03,59.0,82.61,53.32,65.67500000000001,73.77000000000001,2.11,52.06,68.565,38.11,34.385,59.27,33.2,50.02,46.885,49.135000000000005,61.315,26.545,74.66,2797.37626586573,6152.10672585447,9956.66578022626,8600.29543391795,11871.6144446946,22311.8159264579,13885.76033274,7642.21785110202,11926.2016127578,4021.27466488224,16255.1644427974,7828.25968482427,445.783738901408,5600.32597466484,12269.3864639224,1873.07586876677,2547.4724399582,9249.9085344202,5101.67612029824,6332.90544358053,4162.35727562396,4985.01519125909,5536.16344517469,1882.72712449417,Presenilin associated rhomboid like,Q9H300,607858.0,gene,55486.0,PARL,ENSG00000175193,bacteria
sp|Q9H300|PARL_HUMAN,sp,Q9H300,PARL,HUMAN,0283361|tr|A0A3R6ISX7|A0A3R6ISX7_9BACT,283361,tr,A0A3R6ISX7,A0A3R6ISX7,IRYFTS,193,198,IRYFTS,298,303,EEDIFIRYFTSRLVPY,6,strong,weak,very_weak,,weak,very_weak,,weak,very_weak,,weak,very_weak,strong,weak,very_weak,,weak,very_weak,,,very_weak,strong,weak,very_weak,strong,weak,very_weak,,,very_weak,,weak,very_weak,,weak,very_weak,,weak,very_weak,,weak,very_weak,,weak,very_weak,,weak,very_weak,,,very_weak,,weak,very_weak,,,very_weak,,weak,very_weak,strong,weak,very_weak,,weak,very_weak,,weak,very_weak,,,very_weak,strong,weak,very_weak,,weak,very_weak,,weak,very_weak,strong,weak,very_weak,0.32,9.96,5.315,6.81,0.05,8.27,14.855,0.5,1.54,17.45,9.455,3.825,6.470000000000001,6.06,2.83,2.98,16.425,3.94,0.875,5.93,4.630000000000001,16.48,1.765,3.555,8.92,92.4182442678667,91.767581515468,96.9716165132044,265.415379815261,5.13983837619674,262.590375149742,668.44819715346,9.53079391289441,31.6930324032528,466.317093692765,569.415153843938,56.5789293521037,919.548406546836,62.3798223227592,191.742037231661,10.2731194729548,357.924575854339,80.729076901172,81.7893853348529,64.6389579894469,71.6528122203749,136.276993272741,23.2278694330242,34.015453279745,Presenilin associated rhomboid like,Q9H300,607858.0,gene,55486.0,PARL,ENSG00000175193,bacteria
sp|Q9H300|PARL_HUMAN,sp,Q9H300,PARL,HUMAN,0283361|tr|A0A416AC76|A0A416AC76_9BACT,283361,tr,A0A416AC76,A0A416AC76,ALFGIW,339,344,ALFGIW,201,206,AHIGGALFGIWFAMRI,6,,,,,,,,,,,,,,,,,,,,,,,,very_weak,,,,,,very_weak,,,,,,very_weak,,,,,,,,,,,,,,,,,,,,,,,,very_weak,,,very_weak,,,,,,,,,,,,,,,,,,,,,very_weak,21.3,53.005,60.8,50.64,29.495,60.9,58.150000000000006,18.3,46.17,16.545,55.935,10.46,49.73,27.68,31.83,49.06,37.025,11.695,16.62,61.065,23.235,42.43,34.195,46.99,51.615,353.846830405663,761.807792748275,1776.99203747294,2483.54259943109,149.917855608798,3887.16044466328,4257.69256671535,109.496432981758,377.188139985563,86.0571189195525,4162.35727562396,115.506968117488,2786.35059987515,185.337188893616,758.846231402715,98.8722887435043,505.65909731986,175.845102143652,225.77777164813,1293.31682244809,265.125492946097,320.986663084612,242.495555032533,518.821397053929,Presenilin associated rhomboid like,Q9H300,607858.0,gene,55486.0,PARL,ENSG00000175193,bacteria
sp|Q9H300|PARL_HUMAN,sp,Q9H300,PARL,HUMAN,0283361|tr|A0A3R6MI14|A0A3R6MI14_9BACT,283361,tr,A0A3R6MI14,A0A3R6MI14,SFSSSI,231,236,SFSSSI,206,211,RQLQNSFSSSINFIPV,6,,,,,,,,,,,,,,,,,,,,,,,weak,very_weak,,,,,,,,,,,,,,,,,,very_weak,,,,,,,,,,,,,,,,,,,,,,,,very_weak,,,,,,,,weak,very_weak,,,very_weak,,,,,weak,very_weak,33.595,61.2,43.875,29.68,37.66,33.19,46.145,4.295,25.76,26.86,41.215,31.765,15.34,35.105000000000004,50.195,37.805,21.04,22.76,44.115,12.995,30.62,31.785,7.785,11.575,46.7,1629.11878944206,1279.75881537404,1369.42730510237,1320.59375657385,399.700885077305,642.098543517972,3320.12455678171,22.3995674961887,63.1403492548056,520.620840784786,2865.1344558018,241.709706686123,1216.91185898183,367.475857485252,1998.44776466638,106.201360487414,438.052323190698,345.370244443789,1471.81396442701,148.086453233275,335.957041851175,296.92058463959,43.2713207723485,122.985188897771,Presenilin associated rhomboid like,Q9H300,607858.0,gene,55486.0,PARL,ENSG00000175193,bacteria
sp|Q9H300|PARL_HUMAN,sp,Q9H300,PARL,HUMAN,0283361|tr|A0A3R6KXT6|A0A3R6KXT6_9BACT,283361,tr,A0A3R6KXT6,A0A3R6KXT6,YPIRSL,93,98,YPIRSL,386,391,LLVCYYPIRSLLEHKI,6,,weak,very_weak,,,,,weak,very_weak,,,,,weak,very_weak,,,very_weak,,,,,weak,very_weak,,,,,,,,,,,,,,weak,very_weak,,,,,,,,,,,,very_weak,,,very_weak,,,,,,very_weak,strong,weak,very_weak,,weak,very_weak,,,very_weak,,,very_weak,,,very_weak,strong,weak,very_weak,,weak,very_weak,strong,weak,very_weak,9.625,32.26,8.635,23.975,9.86,16.395,44.63,5.275,32.25,50.26,23.535,24.39,20.92,23.235,21.815,11.855,55.475,15.7,1.6549999999999998,3.94,15.24,12.505,10.9,0.62,7.1850000000000005,340.778582484085,268.056067820956,234.669422889442,1748.80104497149,31.7163589710984,1051.78362640149,2016.17005763668,59.6027322458621,655.385509603606,2327.13407870126,2011.31128524189,414.18533826835,1966.87118246987,267.054437565278,538.402604497305,26.3246352377183,1514.3302861843,489.821850010534,105.837727620424,38.129796994601,290.10573705563,79.4655490301601,104.594592331104,12.8500622740582,Presenilin associated rhomboid like,Q9H300,607858.0,gene,55486.0,PARL,ENSG00000175193,bacteria
sp|Q9H300|PARL_HUMAN,sp,Q9H300,PARL,HUMAN,0283361|tr|A0A3R6QVP3|A0A3R6QVP3_9BACT,283361,tr,A0A3R6QVP3,A0A3R6QVP3,TGIIAA,170,175,TGIIAA,723,728,LLGYATGIIAASIISR,6,,,,,,,,,,,,,,,,,,,,weak,very_weak,,,very_weak,,,,strong,weak,very_weak,,weak,very_weak,,,,,,very_weak,,weak,very_weak,,,,,,,,,very_weak,,,very_weak,,weak,very_weak,,,,,,,,,very_weak,,,,,,very_weak,,,very_weak,,,,,,,strong,weak,very_weak,27.92,28.89,26.01,39.685,45.09,28.345,9.925,13.43,28.630000000000003,1.32,9.505,37.9,7.074999999999999,34.155,33.665,17.46,7.085,43.105,24.47,19.725,33.84,19.895,18.3,30.3,35.495,1431.0796001772,349.985904861917,336.84879355,2720.95602290856,324.879000629933,1080.52853136298,356.756939866093,114.608156826276,309.138694258176,20.8165526846262,745.903112471995,1114.23453434509,831.675786565331,634.15171358238,1695.62395604046,34.5914736530659,67.945593649412,1990.07571864631,819.128439855612,221.365665370783,988.994702469976,147.579406041936,130.675821310642,427.100813006252,Presenilin associated rhomboid like,Q9H300,607858.0,gene,55486.0,PARL,ENSG00000175193,bacteria
sp|Q9H300|PARL_HUMAN,sp,Q9H300,PARL,HUMAN,0283361|tr|A0A416A269|A0A416A269_9BACT,283361,tr,A0A416A269,A0A416A269,LTAVLT,29,34,LTAVLT,349,354,FLLIALTAVLTGCLLE,6,,,,,,,,,,,,,,,,,,,,,,,,,,,,,,,,,,,,,,,,,,,,,,,,,,,,,,,,,,,,,,,,,,,,,,,,,,,,,,,,,,,,,63.025,61.305,59.01,71.495,52.89,72.92999999999999,68.14500000000001,47.185,62.325,73.64,65.445,69.19,67.155,59.025,71.005,36.44,63.065,65.33,49.845,62.375,68.14,58.445,61.235,54.165,63.96,4572.50941696292,1049.70313477585,1302.98020504494,5736.90836035053,538.752241783468,8704.20732507043,5365.15026946779,287.440590224452,1273.48782528318,3012.3535176029,6326.39932778746,3151.65183181413,5326.33994967085,1553.56337153334,5912.79385513284,118.303503738974,1605.59991673771,3680.02678382947,1288.88851284909,1539.04127554686,2327.56216234118,2104.77446593061,857.609798755186,815.5998095917,Presenilin associated rhomboid like,Q9H300,607858.0,gene,55486.0,PARL,ENSG00000175193,bacteria
sp|Q9H300|PARL_HUMAN,sp,Q9H300,PARL,HUMAN,0283361|tr|A0A3R6IPS3|A0A3R6IPS3_9BACT,283361,tr,A0A3R6IPS3,A0A3R6IPS3,ILGWKF,324,329,ILGWKF,81,86,LLSLKILGWKFSVKTV,6,,,,,,,,,,,,,,,,,,,,,,,,,,,,,,,,,,,weak,very_weak,,,,,,,,,,,,,,,,,,,,,,,,,,,,,,,,,,,,,,,,,,,,,,,weak,very_weak,47.43,31.765,30.075000000000003,68.44,21.13,55.595,51.975,43.040000000000006,33.974999999999994,67.58500000000001,44.8,6.815,83.575,33.34,20.295,42.52,66.295,25.015,26.225,59.14,36.49,26.99,46.830000000000005,58.48,32.565,1831.76936552591,206.705334181318,403.725662773707,5125.46699289193,100.399841692562,3251.65275263538,2733.43774367612,278.172962575611,650.22234189553,1991.47580249091,2684.72309494908,179.268440662725,8147.30212016508,421.45903069163,580.148859844326,89.9402107791906,1920.79260066468,722.306926447045,314.451916495476,1136.45497722603,551.187319897157,123.924218393105,360.006354755676,888.245862445251,Presenilin associated rhomboid like,Q9H300,607858.0,gene,55486.0,PARL,ENSG00000175193,bacteria
sp|Q9H300|PARL_HUMAN,sp,Q9H300,PARL,HUMAN,0283361|tr|A0A416AC76|A0A416AC76_9BACT,283361,tr,A0A416AC76,A0A416AC76,GGALFG,337,342,GGALFG,199,204,HIAHIGGALFGIWFAM,6,,,,,,,,,,,,,,,,,,,,,,,,,,,,,,very_weak,,,,,,,,,,,,,,,,,,,,,,,,,,,,,,,,,very_weak,,,,,,,,,,,,,,,,,,,,,very_weak,49.260000000000005,63.4,64.135,56.195,44.0,63.635000000000005,65.52499999999999,39.29,46.17,16.545,59.99,36.28,43.36,49.39,58.59,49.06,37.025,25.085,16.62,67.305,45.34,46.495,48.05,59.145,64.78,2344.59802231511,1254.88578049009,1890.36119816833,3116.82480883103,375.27895596701,4844.47934287581,4750.06641520927,227.765188808554,377.188139985563,86.0571189195525,5185.76733349612,519.50670022216,3139.09395292515,966.034199216929,3028.39926307853,98.8722887435043,505.65909731986,812.341231136338,225.77777164813,2017.13012472055,1019.32690982739,502.588219817445,311.337327810085,1151.95455262665,Presenilin associated rhomboid like,Q9H300,607858.0,gene,55486.0,PARL,ENSG00000175193,bacteria
sp|Q9H300|PARL_HUMAN,sp,Q9H300,PARL,HUMAN,0283361|tr|A0A3R6LTC1|A0A3R6LTC1_9BACT,283361,tr,A0A3R6LTC1,A0A3R6LTC1,WRVPSL,183,188,WRVPSL,424,429,RTYSSWRVPSLIFDGV,6,,weak,very_weak,,,,,,,,,,,,very_weak,,,,,,,,,very_weak,,,,,,,,,very_weak,,,,,,,,,very_weak,,,,,,,,,,,,,,,,,,,,,,,,,,,,strong,weak,very_weak,,,very_weak,,,very_weak,,,,strong,weak,very_weak,4.609999999999999,47.595,37.99,31.755,14.34,28.58,57.725,12.36,34.885,33.07,13.78,24.645,16.310000000000002,36.28,35.35,24.56,43.83,28.155,26.535,25.88,28.865,1.265,17.86,17.0,37.245,353.39152681651,709.265301612042,985.907029149153,2093.05624020953,258.44689431375,1889.0730800289,3689.67514176078,142.828893866497,936.385691587504,836.449667262402,1630.81183216416,840.786868855621,1457.78786490045,815.882245974738,2093.89432491918,140.520415088914,909.770842287661,1195.10797510649,969.227409301826,518.55201745175,649.983186993934,153.602346499773,219.845214847183,272.610097957096,Presenilin associated rhomboid like,Q9H300,607858.0,gene,55486.0,PARL,ENSG00000175193,bacteria
sp|Q9H300|PARL_HUMAN,sp,Q9H300,PARL,HUMAN,0283361|tr|A0A3R6KSW2|A0A3R6KSW2_9BACT,283361,tr,A0A3R6KSW2,A0A3R6KSW2,QFMAVY,244,249,QFMAVY,288,293,DAGKYQFMAVYPYRET,6,,weak,very_weak,,weak,very_weak,,weak,very_weak,,weak,very_weak,,weak,very_weak,,weak,very_weak,,,,,weak,very_weak,,,very_weak,,,very_weak,,weak,very_weak,,weak,very_weak,strong,weak,very_weak,strong,weak,very_weak,,weak,very_weak,,weak,very_weak,,weak,very_weak,,weak,very_weak,,,,,weak,very_weak,strong,weak,very_weak,,weak,very_weak,,weak,very_weak,strong,weak,very_weak,strong,weak,very_weak,strong,weak,very_weak,,weak,very_weak,strong,weak,very_weak,3.655,9.81,5.390000000000001,6.85,8.315000000000001,8.685,29.755000000000003,2.715,10.705,18.135,5.58,7.29,1.49,4.115,2.055,2.775,21.475,4.895,1.5299999999999998,2.645,2.775,1.385,1.5699999999999998,1.395,4.984999999999999,605.939553392722,339.483174525951,311.135277349902,929.400884827187,196.031891779244,1293.7226947576,3349.20512185733,65.3364787756191,540.322575286643,941.689290119028,1028.6445355628,245.183947393431,501.794914176378,218.578664043731,444.127614125713,22.9443651250298,758.279915014607,312.965234609661,256.79953113589,99.8505934140131,163.805518185985,137.059233321265,56.7813070200295,36.1003323112433,Presenilin associated rhomboid like,Q9H300,607858.0,gene,55486.0,PARL,ENSG00000175193,bacteria
