human_id,database,protein,gene,species,pathogen_id,pathogen_species,database_pathogen,pathogen_protein,pathogen_gene,human_seq,human_start,human_end,pathogen_seq,pathogen_start,pathogen_end,extended_pathogen_seq,pathogen_length,binding_rank_strong_HLA_DQA10101_DQB10501,binding_rank_weak_HLA_DQA10101_DQB10501,binding_rank_very_weak_HLA_DQA10101_DQB10501,binding_rank_strong_DRB4_0101,binding_rank_weak_DRB4_0101,binding_rank_very_weak_DRB4_0101,binding_rank_strong_DRB1_0802,binding_rank_weak_DRB1_0802,binding_rank_very_weak_DRB1_0802,binding_rank_strong_DRB3_0101,binding_rank_weak_DRB3_0101,binding_rank_very_weak_DRB3_0101,binding_rank_strong_DRB1_1501,binding_rank_weak_DRB1_1501,binding_rank_very_weak_DRB1_1501,binding_rank_strong_DRB3_0202,binding_rank_weak_DRB3_0202,binding_rank_very_weak_DRB3_0202,binding_rank_strong_DRB1_0301,binding_rank_weak_DRB1_0301,binding_rank_very_weak_DRB1_0301,binding_rank_strong_DRB1_0701,binding_rank_weak_DRB1_0701,binding_rank_very_weak_DRB1_0701,binding_rank_strong_DRB1_1302,binding_rank_weak_DRB1_1302,binding_rank_very_weak_DRB1_1302,binding_rank_strong_HLA_DQA10501_DQB10301,binding_rank_weak_HLA_DQA10501_DQB10301,binding_rank_very_weak_HLA_DQA10501_DQB10301,binding_rank_strong_HLA_DPA10201_DPB11401,binding_rank_weak_HLA_DPA10201_DPB11401,binding_rank_very_weak_HLA_DPA10201_DPB11401,binding_rank_strong_HLA_DPA10103_DPB10201,binding_rank_weak_HLA_DPA10103_DPB10201,binding_rank_very_weak_HLA_DPA10103_DPB10201,binding_rank_strong_DRB5_0101,binding_rank_weak_DRB5_0101,binding_rank_very_weak_DRB5_0101,binding_rank_strong_HLA_DQA10301_DQB10302,binding_rank_weak_HLA_DQA10301_DQB10302,binding_rank_very_weak_HLA_DQA10301_DQB10302,binding_rank_strong_HLA_DPA10301_DPB10402,binding_rank_weak_HLA_DPA10301_DPB10402,binding_rank_very_weak_HLA_DPA10301_DPB10402,binding_rank_strong_HLA_DPA10201_DPB10501,binding_rank_weak_HLA_DPA10201_DPB10501,binding_rank_very_weak_HLA_DPA10201_DPB10501,binding_rank_strong_HLA_DQA10501_DQB10201,binding_rank_weak_HLA_DQA10501_DQB10201,binding_rank_very_weak_HLA_DQA10501_DQB10201,binding_rank_strong_DRB1_0101,binding_rank_weak_DRB1_0101,binding_rank_very_weak_DRB1_0101,binding_rank_strong_HLA_DQA10102_DQB10602,binding_rank_weak_HLA_DQA10102_DQB10602,binding_rank_very_weak_HLA_DQA10102_DQB10602,binding_rank_strong_HLA_DPA10103_DPB10401,binding_rank_weak_HLA_DPA10103_DPB10401,binding_rank_very_weak_HLA_DPA10103_DPB10401,binding_rank_strong_DRB1_1201,binding_rank_weak_DRB1_1201,binding_rank_very_weak_DRB1_1201,binding_rank_strong_DRB1_0401,binding_rank_weak_DRB1_0401,binding_rank_very_weak_DRB1_0401,binding_rank_strong_HLA_DPA10201_DPB10101,binding_rank_weak_HLA_DPA10201_DPB10101,binding_rank_very_weak_HLA_DPA10201_DPB10101,binding_rank_strong_HLA_DQA10401_DQB10402,binding_rank_weak_HLA_DQA10401_DQB10402,binding_rank_very_weak_HLA_DQA10401_DQB10402,binding_rank_strong_DRB1_0901,binding_rank_weak_DRB1_0901,binding_rank_very_weak_DRB1_0901,binding_rank_strong_DRB1_0405,binding_rank_weak_DRB1_0405,binding_rank_very_weak_DRB1_0405,binding_rank_strong_DRB1_1101,binding_rank_weak_DRB1_1101,binding_rank_very_weak_DRB1_1101,binding_rank_strong,binding_rank_weak,binding_rank_very_weak,Rank_average_HLA_DQA10101_DQB10501,Rank_average_DRB4_0101,Rank_average_DRB1_0802,Rank_average_DRB3_0101,Rank_average_DRB1_1501,Rank_average_DRB3_0202,Rank_average_DRB1_0301,Rank_average_DRB1_0701,Rank_average_DRB1_1302,Rank_average_HLA_DQA10501_DQB10301,Rank_average_HLA_DPA10201_DPB11401,Rank_average_HLA_DPA10103_DPB10201,Rank_average_HLA_DQA10301_DQB10302,Rank_average_HLA_DPA10301_DPB10402,Rank_average_HLA_DPA10201_DPB10501,Rank_average_DRB1_0101,Rank_average_HLA_DQA10102_DQB10602,Rank_average_HLA_DPA10103_DPB10401,Rank_average_DRB1_1201,Rank_average_DRB1_0401,Rank_average_HLA_DPA10201_DPB10101,Rank_average_HLA_DQA10401_DQB10402,Rank_average_DRB1_0901,Rank_average_DRB1_0405,Rank_average_DRB1_1101,nM_HLA_DQA10101_DQB10501,nM_DRB4_0101,nM_DRB1_0802,nM_DRB3_0101,nM_DRB1_1501,nM_DRB3_0202,nM_DRB1_0301,nM_DRB1_0701,nM_DRB1_1302,nM_HLA_DQA10501_DQB10301,nM_HLA_DPA10201_DPB11401,nM_HLA_DPA10103_DPB10201,nM_HLA_DQA10301_DQB10302,nM_HLA_DPA10301_DPB10402,nM_HLA_DPA10201_DPB10501,nM_DRB1_0101,nM_HLA_DQA10102_DQB10602,nM_HLA_DPA10103_DPB10401,nM_DRB1_1201,nM_DRB1_0401,nM_HLA_DPA10201_DPB10101,nM_HLA_DQA10401_DQB10402,nM_DRB1_0901,nM_DRB1_0405,Gene description,Uniprot,# MIM Number,MIM Entry Type,Entrez Gene ID,HGNC,Ensembl Gene ID,type
sp|Q9Y6R1|S4A4_HUMAN,sp,Q9Y6R1,S4A4,HUMAN,0102041|tr|E9RH88|E9RH88_9BETA,102041,tr,E9RH88,E9RH88,GEEDDS,97,102,GEEDDS,416,421,SDGDSGEEDDSDGENA,6,,,,,,,,,,,,,,,,,,,,,,,,,,,,,,,,,,,,,,,,,,,,,,,,,,,,,,,,,,,,,,,,,,,,,,,,,,,,,,,,,,,,,52.86,95.0,95.0,95.0,95.0,95.0,95.0,95.0,95.0,95.0,95.0,95.0,62.085,95.0,95.0,95.0,95.0,95.0,95.0,95.0,95.0,95.0,95.0,95.0,95.0,19255.6614533938,39282.3146631863,41554.0079270018,37574.9490471148,38864.625552821,42704.4485956683,40146.8428299625,41147.3200454986,40929.304068377,31013.6419992156,43551.8339919268,36491.1614550043,12771.224229592,37307.580103593,38657.0311823656,38549.687545669,37728.1241965003,38285.3231746894,41499.1922850228,40079.1367157527,35339.0801062037,34454.095624148,40648.6208666818,38672.0914934962,Solute carrier family 4 member 4,Q9Y6R1,603345.0,gene,8671.0,SLC4A4,ENSG00000080493,virus
sp|Q9Y6R1|S4A4_HUMAN,sp,Q9Y6R1,S4A4,HUMAN,0001259|tr|Q1GAJ7|Q1GAJ7_LACDA,1259,tr,Q1GAJ7,Q1GAJ7,SFLDDV,1000,1005,SFLDDV,224,229,FDKAISFLDDVIKQSP,6,strong,weak,very_weak,,,very_weak,,,,,weak,very_weak,,,very_weak,,,,,weak,very_weak,,,,,,,,,,,,,,,,,,very_weak,,weak,very_weak,,,,,,very_weak,,weak,very_weak,,,,,,,,,,,,very_weak,,weak,very_weak,,,very_weak,,,very_weak,,,,,,very_weak,,,,strong,weak,very_weak,0.145,16.195,44.36,4.535,17.080000000000002,21.545,7.479999999999999,33.945,40.665,48.175,36.405,33.25,9.385,20.885,13.36,27.73,35.504999999999995,28.950000000000003,13.75,9.84,10.51,17.625,39.025,15.73,36.175,77.2904845934419,628.482262519308,2722.42842819459,298.893228880211,786.805047547961,4267.88561952084,475.770954312703,824.258264710521,1671.81412384721,3608.15143943865,4627.75613545997,609.088092316991,914.686145198823,445.952585712499,1140.12515579702,444.670952151634,1671.39813647209,853.416629277019,1342.46284962252,450.44309370895,340.008839055793,1064.03105508084,760.918112788476,424.658619921509,Solute carrier family 4 member 4,Q9Y6R1,603345.0,gene,8671.0,SLC4A4,ENSG00000080493,bacteria
sp|Q9Y6R1|S4A4_HUMAN,sp,Q9Y6R1,S4A4,HUMAN,0001259|tr|Q1G821|Q1G821_LACDA,1259,tr,Q1G821,Q1G821,AIILSI,731,736,AIILSI,161,166,APAWVAIILSIFLYWV,6,,,,,,,,,,,,,,,,,,,,,,,,,,,,,,,,,,,,,,,,,,,,,,,,,,,,,,,,,,,,,,,,,,,,,,,,,,,,,,,,,,,,,56.605,77.375,79.41,57.905,47.465,77.035,83.075,62.54,73.775,69.07,71.865,45.96,64.07,53.365,62.295,63.61,73.78,39.175,38.21,85.515,61.59,58.25,74.32,77.88,79.88,3031.7761050522,3602.49516477682,5558.31074980992,4398.54258603674,1690.8972174453,10546.9417284448,11393.5325265009,2069.50164200736,3346.9229273887,3007.7614087267,8963.98306508931,810.015388822027,5752.32290703811,957.542682822762,4387.94252915495,1184.96181655462,3105.58153653932,980.481690972584,2094.7100807867,7135.48084861626,1515.41206377435,2079.75992070646,3161.6248285607,4116.49516665859,Solute carrier family 4 member 4,Q9Y6R1,603345.0,gene,8671.0,SLC4A4,ENSG00000080493,bacteria
sp|Q9Y6R1|S4A4_HUMAN,sp,Q9Y6R1,S4A4,HUMAN,0001259|tr|Q1G891|Q1G891_LACDA,1259,tr,Q1G891,Q1G891,AAAIPA,783,788,AAAIPA,303,308,AIWGTAAAIPASVPMA,6,,,,,,,,,,,,,,,,,,very_weak,,,,,,very_weak,,,,strong,weak,very_weak,,,very_weak,,,,,,,,weak,very_weak,,,,,,,,weak,very_weak,,weak,very_weak,strong,weak,very_weak,,,,,,,,,very_weak,,,,,weak,very_weak,,weak,very_weak,,,,,,,strong,weak,very_weak,52.885000000000005,55.275,22.15,48.36,50.985,14.075,77.515,10.395,46.0,0.145,14.5,52.425,4.1850000000000005,66.78,74.915,2.995,1.83,62.385000000000005,71.06,11.045,70.48,7.68,2.63,25.165,39.46,4801.32451347329,2409.22247502623,768.946143245648,6004.59985205131,2646.85256656961,1928.60188899636,10265.8099146939,253.849157579399,1237.62626264507,10.5908285964044,2551.77591239049,4123.44920596025,509.365621408025,5068.93820524082,9778.58572165108,24.4163659677419,42.8677652083094,7486.87821195005,6988.3995581994,393.973203607838,4794.00525137905,128.645864202316,55.3659413189482,955.43149212334,Solute carrier family 4 member 4,Q9Y6R1,603345.0,gene,8671.0,SLC4A4,ENSG00000080493,bacteria
sp|Q9Y6R1|S4A4_HUMAN,sp,Q9Y6R1,S4A4,HUMAN,0001259|tr|Q1G7X7|Q1G7X7_LACDA,1259,tr,Q1G7X7,Q1G7X7,LGTAVS,506,511,LGTAVS,53,58,VAIFLLGTAVSTPLWS,6,,,,,,,,,,,,,,,,,,very_weak,,,,,,very_weak,,,,,,very_weak,,,,,,,,,,,,,,,,,,,,,,,weak,very_weak,,,,,,,,,,,,,,,,,,,,,very_weak,,,,,,,,weak,very_weak,51.365,51.485,28.2,31.11,34.145,19.13,56.635,12.475,45.75,12.265,33.745000000000005,56.935,23.405,56.715,68.13,7.0,35.35,56.91,39.74,32.235,64.79,43.65,13.78,30.035,34.21,2682.08101797033,603.055186231128,478.300043371068,2160.49655937517,277.166514799518,752.550372001421,3793.75413844197,55.8291344753576,339.189451050833,75.6203720579604,2390.68216351502,1634.22087967358,1654.23458451463,1102.57772903196,4909.96651313835,13.0591856418183,379.107036735295,2643.01780719333,1206.95924358028,249.91119710773,1898.60132780361,370.15346644026,56.2000451709409,256.582898470273,Solute carrier family 4 member 4,Q9Y6R1,603345.0,gene,8671.0,SLC4A4,ENSG00000080493,bacteria
sp|Q9Y6R1|S4A4_HUMAN,sp,Q9Y6R1,S4A4,HUMAN,0001259|tr|Q1G8W7|Q1G8W7_LACDA,1259,tr,Q1G8W7,Q1G8W7,LLVTIL,789,794,LLVTIL,213,218,DRGDSLLVTILHQNVA,6,,,,,,very_weak,,,,,,,,,,,,,,,,,,,,,,,,,,,,,weak,very_weak,,,,,,,,weak,very_weak,,,very_weak,,,,,,,,weak,very_weak,,weak,very_weak,,weak,very_weak,,,,,weak,very_weak,,,,,,,,,,,,,,weak,very_weak,32.97,14.835,20.545,48.755,27.02,39.185,30.73,30.615,28.565,65.35499999999999,20.87,6.64,38.19,3.5250000000000004,10.895,35.535000000000004,8.825,6.21,6.615,33.875,7.465,32.795,38.975,32.165,24.685,2507.57364690677,230.894054096697,546.076396229478,3279.99162334937,420.011412862237,4070.91814213849,2658.10264378496,585.268306385523,588.169413240809,3433.15166939031,3216.20782345429,313.331159526766,3182.66407592493,180.441870222129,1111.81395751035,143.838485714885,368.156384088978,473.752189081589,281.530903161744,708.682310251279,322.658041647653,971.200939044902,960.780589615632,503.317425985905,Solute carrier family 4 member 4,Q9Y6R1,603345.0,gene,8671.0,SLC4A4,ENSG00000080493,bacteria
sp|Q9Y6R1|S4A4_HUMAN,sp,Q9Y6R1,S4A4,HUMAN,0001259|tr|Q1GBE4|Q1GBE4_LACDA,1259,tr,Q1GBE4,Q1GBE4,PEKDQLK,265,271,PEKDQLK,16,22,LFVDLPEKDQLKINSLA,7,,,,,,,,,,,,,,,,,,,,,,,,,,,,,,,,,,,,,,,,,,,,,,,,,,,,,,,,,,,,,,,,,,,,,,,,,,,,,,,,,,,,,70.21000000000001,57.745000000000005,64.775,42.345,77.485,77.10499999999999,34.145,84.59,70.705,90.52,44.6,70.89,84.55,68.32,57.95,68.02,83.03999999999999,71.205,68.33,71.97999999999999,66.07,60.18,87.09,75.31,62.41,6382.0876911545,2840.84094014547,5012.5447383523,1778.58856700888,6852.57497632826,12689.2701336932,1941.03683018936,7325.89243741103,5321.50124420507,10475.633416689,9816.11149523478,5634.91047273646,8766.30244696632,3749.11281467842,5384.92352772301,1611.5871008654,8632.9258307342,6856.7282616023,7588.82400514621,4177.74284299379,2775.81886040167,3958.03606079329,7159.53183486653,4352.10246277255,Solute carrier family 4 member 4,Q9Y6R1,603345.0,gene,8671.0,SLC4A4,ENSG00000080493,bacteria
sp|Q9Y6R1|S4A4_HUMAN,sp,Q9Y6R1,S4A4,HUMAN,0001259|tr|Q1GBB6|Q1GBB6_LACDA,1259,tr,Q1GBB6,Q1GBB6,LGPKGK,328,333,LGPKGK,79,84,ITKQILGPKGKMKIEY,6,,,,,,,,,,,,,,,,,,,,,,,,,,,very_weak,,,,,,,,,,,,very_weak,,,,,,,,,,,,,,,,,,,,,,,,,,,,,,,,,,,,,,,,,,,,,very_weak,93.83,43.02,40.795,79.975,46.995000000000005,55.04,33.445,61.015,19.475,83.58,46.645,68.485,95.0,77.71000000000001,47.205,50.565,91.495,73.015,44.7,80.065,74.555,53.98,67.97,86.6,21.345,23256.340178255,1242.57736030228,2156.92297574826,13097.5639648763,1878.33219307805,8613.70555173694,4301.63564151975,3392.68015879039,1642.42814310033,5674.06571306116,9008.80637023042,10963.1350054503,30111.6101609227,8947.21978141184,5907.74198015126,585.667388204995,10692.4060403591,13561.9210402242,4220.86076740627,5754.68846992927,8014.92717496786,1973.77836200376,2820.3519506435,7828.9373144242,Solute carrier family 4 member 4,Q9Y6R1,603345.0,gene,8671.0,SLC4A4,ENSG00000080493,bacteria
sp|Q9Y6R1|S4A4_HUMAN,sp,Q9Y6R1,S4A4,HUMAN,0001259|tr|Q1GBE4|Q1GBE4_LACDA,1259,tr,Q1GBE4,Q1GBE4,EKDQLK,266,271,EKDQLK,17,22,FVDLPEKDQLKINSLA,6,,,,,,,,,,,,,,,,,,,,,,,,,,,,,,,,,,,,,,,,,,,,,,,,,,,,,,,,,,,,,,,,,,,,,,,,,,,,,,,,,,,,,81.145,57.745000000000005,64.775,77.345,77.485,83.64500000000001,66.78,84.59,76.855,88.20500000000001,44.6,79.315,90.69,67.78999999999999,57.305,68.02,83.03999999999999,77.53999999999999,72.24000000000001,79.42,65.065,60.18,87.09,81.33000000000001,62.41,13629.2933690178,2840.84094014547,5012.5447383523,10614.1407402935,6852.57497632826,17355.9475763331,9591.95608314699,7325.89243741103,7071.15255529118,11756.0632680495,9816.11149523478,7935.79837465893,12789.0621294144,5037.0098292839,7097.98122828275,1611.5871008654,8632.9258307342,9840.14390802618,8273.26548192979,6353.15132381728,4117.16331435138,3958.03606079329,7159.53183486653,6412.68211536857,Solute carrier family 4 member 4,Q9Y6R1,603345.0,gene,8671.0,SLC4A4,ENSG00000080493,bacteria
sp|Q9Y6R1|S4A4_HUMAN,sp,Q9Y6R1,S4A4,HUMAN,0001259|tr|Q1G9I1|Q1G9I1_LACDA,1259,tr,Q1G9I1,Q1G9I1,ELDELL,111,116,ELDELL,55,60,LSKSDELDELLQLDAD,6,,,,,,,,,,,,very_weak,,,,,,,,,,,,,,,,,,,,,,,,,,,,,,very_weak,,,,,,,,,very_weak,,,,,,,,,,,,,,,,,,,,,,,,,,,,,,,,,very_weak,20.995,69.495,88.69,12.2,81.53,83.28999999999999,25.76,85.53,75.285,82.65,70.82,49.555,17.189999999999998,37.73,44.015,75.39,62.145,34.455,61.05500000000001,73.17500000000001,23.435,83.425,88.685,69.78,85.66499999999999,2659.48348622436,4830.45215047207,12787.4017394065,1199.74617989277,9709.7404243765,21550.1960082476,2357.80106620364,11114.2192361858,8051.51946138037,9701.44444857738,14612.5263954917,2767.03290717689,1575.05841454169,1691.90374921768,5344.00389899835,5465.04363960533,5899.24667315482,3209.18617106991,6044.75407550085,7601.72613522983,1186.23177798683,9040.93222722512,9034.5761052297,5558.37088982522,Solute carrier family 4 member 4,Q9Y6R1,603345.0,gene,8671.0,SLC4A4,ENSG00000080493,bacteria
sp|Q9Y6R1|S4A4_HUMAN,sp,Q9Y6R1,S4A4,HUMAN,0001259|tr|Q1GBE4|Q1GBE4_LACDA,1259,tr,Q1GBE4,Q1GBE4,PEKDQL,265,270,PEKDQL,16,21,LFVDLPEKDQLKINSL,6,,,,,,,,,,,,,,,,,,,,,,,,,,,,,,,,,,,,,,,,,,,,,,,,,,,,,,,,,,,,,,,,,,,,,,,,,,,,,,,,,,,,,70.21000000000001,61.795,74.60499999999999,42.345,77.315,77.10499999999999,34.145,86.93,70.705,90.52,72.735,75.52499999999999,84.55,70.84,61.285,80.315,89.25999999999999,72.075,68.33,71.97999999999999,66.07,75.145,85.4,75.31,69.41499999999999,6382.0876911545,2984.84106475031,8152.94580213158,1778.58856700888,7399.82044841975,12689.2701336932,1941.03683018936,8672.24576824246,5321.50124420507,10475.633416689,11850.6958339016,5769.90106853588,8766.30244696632,3953.02869741137,6254.59492511859,2671.07623829238,9669.27289409511,6920.00429253899,7588.82400514621,4177.74284299379,2775.81886040167,5808.73719554231,7330.09466236629,4352.10246277255,Solute carrier family 4 member 4,Q9Y6R1,603345.0,gene,8671.0,SLC4A4,ENSG00000080493,bacteria
sp|Q9Y6R1|S4A4_HUMAN,sp,Q9Y6R1,S4A4,HUMAN,0001259|tr|Q1GBP8|Q1GBP8_LACDA,1259,tr,Q1GBP8,Q1GBP8,ILVATD,567,572,ILVATD,294,299,EGELDILVATDVAARG,6,,weak,very_weak,,weak,very_weak,,weak,very_weak,,weak,very_weak,,weak,very_weak,,weak,very_weak,,weak,very_weak,,,very_weak,,weak,very_weak,,weak,very_weak,,,very_weak,,,,,weak,very_weak,,weak,very_weak,,,,,,,,weak,very_weak,,weak,very_weak,,,very_weak,,,,strong,weak,very_weak,strong,weak,very_weak,,,,,,very_weak,,,very_weak,,weak,very_weak,,,very_weak,strong,weak,very_weak,6.24,3.46,6.72,8.27,5.405,9.275,3.74,12.415,9.25,9.27,11.205,32.965,2.365,21.74,24.525,2.065,10.08,29.16,1.79,1.555,27.845,16.465,16.619999999999997,6.725,18.54,988.866302364856,218.202956652969,302.23302562535,756.870066950469,226.919021621845,1314.93337516037,312.116447856988,401.821255488518,196.726694248543,454.39830256712,2296.29444936057,2206.22999587744,550.627014765309,1299.86827862081,3311.87253615558,21.5790780214425,418.165896190951,3194.32465804276,300.511338367373,116.414087879129,1528.04044741161,786.813560650184,405.481125345641,255.602013956266,Solute carrier family 4 member 4,Q9Y6R1,603345.0,gene,8671.0,SLC4A4,ENSG00000080493,bacteria
sp|Q9Y6R1|S4A4_HUMAN,sp,Q9Y6R1,S4A4,HUMAN,0001259|tr|Q1G8G2|Q1G8G2_LACDA,1259,tr,Q1G8G2,Q1G8G2,LIVPSE,753,758,LIVPSE,170,175,IGYYCLIVPSEVKLGP,6,,,,,,,,,,,,,,,,,,very_weak,,,,,weak,very_weak,,,,,,,,,,,,,,,very_weak,,,,,,,,,,,,very_weak,,weak,very_weak,,,very_weak,,,,,,,,weak,very_weak,,,,,,very_weak,,,very_weak,,weak,very_weak,,,,,weak,very_weak,29.815,33.21,20.29,24.8,35.975,11.73,24.035,8.715,40.085,25.565,21.81,47.92,20.09,30.745,33.885,3.62,12.35,31.725,36.155,9.54,36.32,19.78,13.335,2.89,21.615,1152.52803439981,367.436099563122,334.77774778824,1262.81286817447,254.344025804267,739.97079511037,1767.88280206858,38.9558919558483,466.95325362319,443.493759047213,1239.7840670536,1058.31320861508,1706.02134972346,421.659722563348,981.840531803263,7.4726172519169,457.966863725227,978.044747719681,698.995697284569,68.0589020868918,529.545925867441,173.725164241038,55.8738527305138,26.4093648378525,Solute carrier family 4 member 4,Q9Y6R1,603345.0,gene,8671.0,SLC4A4,ENSG00000080493,bacteria
sp|Q9Y6R1|S4A4_HUMAN,sp,Q9Y6R1,S4A4,HUMAN,0001259|tr|Q1GC01|Q1GC01_LACDA,1259,tr,Q1GC01,Q1GC01,IKLADY,605,610,IKLADY,139,144,PKTKIIKLADYHDGSY,6,,weak,very_weak,,weak,very_weak,,,very_weak,,,,,weak,very_weak,,,,,,,,,,,,,,,,,,,,,very_weak,,,,,,,,,,,,very_weak,,,,,,,,,,,,,,weak,very_weak,,,very_weak,,,,,,very_weak,,,,,weak,very_weak,,,very_weak,,weak,very_weak,2.6,7.765000000000001,17.150000000000002,26.585,7.7,32.495000000000005,21.715,31.97,30.845,52.735,35.295,18.015,32.41,27.45,19.815,21.84,34.03,23.27,3.96,12.875,27.245,10.73,26.06,2.01,18.835,444.459307925471,436.273842773968,1159.24396855497,3414.6288478316,402.796302772656,7617.94646717597,2777.23080537662,2084.08489941644,1905.90791933046,3396.90421160343,8287.42093194601,1802.37780804261,4731.24197232518,2280.00423545102,2983.25901355652,440.014170032339,2361.22200408814,3568.93630812696,504.129502063435,939.043906757306,1857.11365595836,860.17467134987,1088.53133773205,172.188790944358,Solute carrier family 4 member 4,Q9Y6R1,603345.0,gene,8671.0,SLC4A4,ENSG00000080493,bacteria
sp|Q9Y6R1|S4A4_HUMAN,sp,Q9Y6R1,S4A4,HUMAN,0001259|tr|Q1G8F9|Q1G8F9_LACDA,1259,tr,Q1G8F9,Q1G8F9,YTLLRK,206,211,YTLLRK,488,493,IRARIYTLLRKRKAEM,6,,,,,,very_weak,strong,weak,very_weak,,,,,,very_weak,,,very_weak,,weak,very_weak,,,,,weak,very_weak,,,,,weak,very_weak,,weak,very_weak,,weak,very_weak,,,,,,very_weak,strong,weak,very_weak,,,,,,very_weak,,,,,,very_weak,,weak,very_weak,,,very_weak,,,very_weak,,weak,very_weak,,,,,,,strong,weak,very_weak,strong,weak,very_weak,42.855,12.71,0.045,43.425,14.325,15.285,8.995000000000001,32.615,3.585,68.08,4.1,7.875,89.58500000000001,11.72,0.4,11.88,59.365,14.7,7.984999999999999,15.995,10.675,7.315,31.88,23.055,0.07,4623.25191229662,115.425762290233,30.5364209444496,4737.95274667583,88.7617501070584,1570.48083975407,531.244597118709,399.860930084115,206.551072865372,3321.70554559227,508.726720553936,318.954469701873,12032.8748326948,358.505947182885,158.575583052128,66.5911498880286,2326.63055168834,804.591072369992,426.542021400823,396.938359221906,354.061293849707,136.811804192565,483.152865115934,460.321614186469,Solute carrier family 4 member 4,Q9Y6R1,603345.0,gene,8671.0,SLC4A4,ENSG00000080493,bacteria
sp|Q9Y6R1|S4A4_HUMAN,sp,Q9Y6R1,S4A4,HUMAN,0001259|tr|Q1GC27|Q1GC27_LACDA,1259,tr,Q1GC27,Q1GC27,FCGGLI,442,447,FCGGLI,24,29,ILLSAFCGGLIGFERA,6,,,,,,,,,,,,,,,,,,,,,,,,,,,,,,,,,,,,,,,,,,,,,,,,,,,,,,,,,,,,,,,,,,,,,,,,,,,,,,,,,,,,,40.52,68.11,63.745,69.025,20.74,68.36,74.215,37.95,64.265,29.325,68.515,58.52,32.410000000000004,61.76,62.44,48.88,52.620000000000005,59.375,50.305,62.74,61.635,44.19,38.19,51.23,62.505,818.72085304114,1810.64577574522,1914.83726006942,5019.76313567402,88.6686418767492,6611.14542526608,7004.82684202703,223.70843463262,1566.11989636175,251.745791206225,7952.64549345896,1426.59628802526,1662.30852732111,1387.66879849538,3265.54411274645,142.691421517508,814.770718024546,2081.67351652486,1092.59040467633,1682.02911930215,1314.77688430978,317.766088348182,228.532898447265,728.042490357503,Solute carrier family 4 member 4,Q9Y6R1,603345.0,gene,8671.0,SLC4A4,ENSG00000080493,bacteria
sp|Q9Y6R1|S4A4_HUMAN,sp,Q9Y6R1,S4A4,HUMAN,0001259|sp|Q1GAA9|ADDA_LACDA,1259,sp,Q1GAA9,ADDA,MLDREA,171,176,MLDREA,1098,1103,QTLASMLDREALSWFV,6,,,very_weak,,,,,,,,,,,,,,,,,,,,,,,,,,,,,,,,,,,,,,,,,,,,,,,,,,,,,,,,,,,,,,,,,,,,,,,,,,,,,,,,,very_weak,16.39,25.825,38.905,38.935,45.400000000000006,64.13499999999999,34.68,46.975,55.42,64.46000000000001,64.88,58.900000000000006,25.345,55.06,59.225,54.45,24.085,60.535,26.115,20.545,56.915,31.035,56.57,24.96,42.86,472.359995612821,465.037309383775,1462.1002437413,1289.96276284966,706.385703942076,6332.22027432013,1040.532452004,362.425568940485,1257.50899253713,2197.79585295444,7187.7067588628,2060.22998062508,1208.91968873068,1284.4753657575,3196.91785140974,255.165429213882,630.348237719344,2742.35438774238,1100.07534722667,571.78587852604,1305.59093910449,501.870930269593,595.752696172243,564.061970228099,Solute carrier family 4 member 4,Q9Y6R1,603345.0,gene,8671.0,SLC4A4,ENSG00000080493,bacteria
sp|Q9Y6R1|S4A4_HUMAN,sp,Q9Y6R1,S4A4,HUMAN,0001259|tr|Q1GBV7|Q1GBV7_LACDA,1259,tr,Q1GBV7,Q1GBV7,ALVGVD,744,749,ALVGVD,364,369,SSHDMALVGVDVDGGQ,6,,,very_weak,,,very_weak,,,,,,,,,,,,,,,,,,,,,,,,,,,,,,,,,,strong,weak,very_weak,,,,,,,,weak,very_weak,,,very_weak,,,very_weak,,,,,,,,,,,,,,,,,,,,,,,,,strong,weak,very_weak,16.605,10.36,45.745,40.855,54.415000000000006,62.025,37.325,45.24,67.025,25.71,57.19500000000001,74.495,0.365,58.205,78.24000000000001,16.419999999999998,17.045,64.32,37.56,31.95,48.045,23.815,49.55,22.175,54.245000000000005,2920.65984834991,737.868126064289,5500.39932827277,6574.76501757439,5776.39734406957,15377.1642496808,6086.23035544807,4031.94858466106,6106.28222035539,1613.27937921516,15786.3109652124,10499.4627248604,431.154178053311,8767.6304398278,15917.3463584993,251.25869682371,1154.81232301861,12901.0799610198,4519.73127055437,3132.37621973266,6894.29588382711,1762.51596866306,3280.59498813436,1853.19954270824,Solute carrier family 4 member 4,Q9Y6R1,603345.0,gene,8671.0,SLC4A4,ENSG00000080493,bacteria
sp|Q9Y6R1|S4A4_HUMAN,sp,Q9Y6R1,S4A4,HUMAN,0001259|sp|Q1G7Q5|DDL_LACDA,1259,sp,Q1G7Q5,DDL,TLLRKH,207,212,TLLRKH,356,361,YAHKKTLLRKHD,6,,,,,,,,,,,,,,,,,,,,,,,,,,,,,,,,,,,,,,,,,,,,,,,,,,,,,,,,,,,,,,,,,,,,,,,,,,,,,,,,,,,,,95.0,88.745,71.39,95.0,90.255,89.745,92.28,90.54,81.41,95.0,84.43,88.0,95.0,88.59,71.685,88.275,91.155,91.225,90.71,92.175,87.905,77.35,92.095,92.76,57.085,30360.8967122797,8674.59187994427,5758.23863840017,23521.2930600296,13395.5233808974,20219.2430739114,18951.6163823613,11885.2377685065,8737.04290640526,16232.4921004479,20595.7037937122,15990.5363079236,28073.6415522172,15657.5401194304,11323.8492857947,5573.84846651675,14737.0073847753,19780.4142333714,18368.582004637,12392.5304729006,12871.1036734085,5413.43139818912,11703.5210631746,13603.8056244059,Solute carrier family 4 member 4,Q9Y6R1,603345.0,gene,8671.0,SLC4A4,ENSG00000080493,bacteria
sp|Q9Y6R1|S4A4_HUMAN,sp,Q9Y6R1,S4A4,HUMAN,0001259|tr|Q1G888|Q1G888_LACDA,1259,tr,Q1G888,Q1G888,DFAIIL,729,734,DFAIIL,5,10,MINPDFAIILNFNPT,6,,,,,,,,,very_weak,,weak,very_weak,,,very_weak,,,,,weak,very_weak,,,very_weak,,,,,,,,,,,,,,,very_weak,,,very_weak,,,,,,,,,very_weak,,,very_weak,,,,,,,,,,,weak,very_weak,,,,,,,,,,,weak,very_weak,,,very_weak,,weak,very_weak,29.615,40.365,15.05,5.225,17.46,23.905,9.155,18.445,26.935,35.855000000000004,42.510000000000005,22.13,15.68,21.025,37.74,18.765,23.43,25.62,33.09,3.78,30.32,27.995,27.385,3.03,18.525,1661.01405330094,785.852162733943,529.305338617305,88.890534692827,287.593022757746,1583.51672729868,162.474610516013,309.342795144712,142.302891273344,1608.71256004079,4451.49471322399,304.956128130844,1380.07740506367,360.918983789922,1743.4732747323,82.5548813499878,941.536469480528,643.559148663385,1140.58167552249,81.0450164474039,466.796657635958,827.161811569057,491.616449682036,64.100592371969,Solute carrier family 4 member 4,Q9Y6R1,603345.0,gene,8671.0,SLC4A4,ENSG00000080493,bacteria
sp|Q9Y6R1|S4A4_HUMAN,sp,Q9Y6R1,S4A4,HUMAN,0001259|tr|Q1G9X1|Q1G9X1_LACDA,1259,tr,Q1G9X1,Q1G9X1,GEEDDS,97,102,GEEDDS,272,277,LETPIGEEDDSHLGDF,6,,,,,,,,,,,,,,,,,,,,,,,,,,,,,,,,,,,,,,,,,,,,,,,,,,,,,,,,,,,,,,,,,,,,,,,,,,,,,,,,,,,,,36.225,57.25,95.0,47.02,57.44,95.0,46.56,95.0,82.675,95.0,95.0,89.78999999999999,45.435,83.345,87.0,65.94,95.0,86.005,72.3,51.34,87.16499999999999,95.0,95.0,61.54,95.0,9229.314609925,11259.5859976693,38087.8282198786,11048.3958172234,15663.9790653087,40657.8579064128,11661.9340194318,37358.8801291285,18067.3977388557,25645.4699743407,39706.6408235683,18448.2518762252,4693.25798051948,19825.4094682918,23547.5206749443,12808.3106997441,30270.3664577615,21860.1866109983,21307.4463209486,9672.09803023412,15561.441313835,29533.7180124024,35368.534171816,14342.7914061413,Solute carrier family 4 member 4,Q9Y6R1,603345.0,gene,8671.0,SLC4A4,ENSG00000080493,bacteria
sp|Q9Y6R1|S4A4_HUMAN,sp,Q9Y6R1,S4A4,HUMAN,0001259|tr|Q1G8F6|Q1G8F6_LACDA,1259,tr,Q1G8F6,Q1G8F6,SLISFI,590,595,SLISFI,51,56,WAVTCSLISFIIHRRS,6,,,,,,,,,,,,,,,very_weak,,,,,,,,,,,,very_weak,,,,,,,,,very_weak,,weak,very_weak,,,,,,,,weak,very_weak,,,,,,,,,,,,,,,very_weak,,,,,,,,,,,,,,,,,,,,weak,very_weak,25.55,26.46,24.325000000000003,55.145,10.745,46.68,25.52,35.325,15.41,42.465,33.24,16.884999999999998,50.865,22.935,6.445,39.765,44.26,27.225,14.275,45.89,32.435,24.19,43.89,44.7,21.56,917.054517706783,110.729517000254,278.8781410227,2903.89646612613,47.8758750715602,2002.21366901828,702.012253107181,143.810475033162,273.404690975788,858.222441234678,1945.07332636485,235.626058222792,3838.96855060201,175.275245996287,251.421863584324,57.1721510021221,568.055211416046,479.860287884954,195.809310969021,437.749091934564,275.593583974519,157.648366520271,262.991285803436,344.042491939575,Solute carrier family 4 member 4,Q9Y6R1,603345.0,gene,8671.0,SLC4A4,ENSG00000080493,bacteria
sp|Q9Y6R1|S4A4_HUMAN,sp,Q9Y6R1,S4A4,HUMAN,0001259|tr|Q1GA14|Q1GA14_LACDA,1259,tr,Q1GA14,Q1GA14,KDKKKK,1009,1014,KDKKKK,314,319,PVRKNKDKKKKGKGKN,6,,,,,,,,,,,,,,,,,,,,,,,,,,,,,,,,,,,,,,,,,,,,,,,,,,,,,,,,,,,,,,,,,,,,,,,,,,,,,,,,,,,,,95.0,71.86500000000001,74.38,75.675,69.275,53.715,41.125,95.0,46.465,95.0,85.935,95.0,95.0,95.0,78.72,95.0,95.0,92.15,72.43,93.865,95.0,95.0,94.855,95.0,51.57000000000001,37481.5581970851,10779.9926802924,13802.477179617,20708.0983586634,12888.3838113014,15436.842904922,9312.87325791215,30725.4009043957,5735.79117176672,30454.6631875751,27559.5999863908,34489.1553035202,38491.3378798524,33060.1550627013,21618.8566483888,26248.4733850629,36516.8341895368,35548.8517253289,19211.5435700027,27194.0806200438,31199.0881994159,29596.4159329481,31897.7972651964,32266.0870110231,Solute carrier family 4 member 4,Q9Y6R1,603345.0,gene,8671.0,SLC4A4,ENSG00000080493,bacteria
sp|Q9Y6R1|S4A4_HUMAN,sp,Q9Y6R1,S4A4,HUMAN,0001259|tr|Q1GAF2|Q1GAF2_LACDA,1259,tr,Q1GAF2,Q1GAF2,LFAGQP,517,522,LFAGQP,47,52,VGGIGLFAGQPVTVIT,6,,weak,very_weak,,,very_weak,,,,,,very_weak,strong,weak,very_weak,,,very_weak,,,,,weak,very_weak,,weak,very_weak,strong,weak,very_weak,,,,,,very_weak,,,very_weak,,,very_weak,,,very_weak,,,,,,very_weak,,weak,very_weak,,,,,,,,weak,very_weak,,,very_weak,,,,,,very_weak,,weak,very_weak,,,very_weak,,,,strong,weak,very_weak,2.13,13.875,20.63,12.760000000000002,0.0849999999999999,12.325,27.965,2.76,7.34,1.79,20.165,18.65,16.03,12.82,32.08,3.835,26.16,21.445,3.56,11.815,20.25,11.495,2.71,11.235,32.89,294.237397877886,248.08997258928,614.715598606638,802.070434851542,12.5452181560372,783.119042286258,2629.46914131529,51.3413604298062,79.6575158424569,34.9496220433323,2116.97055013019,429.022896536504,1241.70378077615,400.991718108631,2204.17805162512,16.1980669791808,490.569687009394,893.073858473783,374.564999392411,211.535852478369,506.825789605717,107.45777915102,43.3861785339139,186.800796099759,Solute carrier family 4 member 4,Q9Y6R1,603345.0,gene,8671.0,SLC4A4,ENSG00000080493,bacteria
sp|Q9Y6R1|S4A4_HUMAN,sp,Q9Y6R1,S4A4,HUMAN,0001259|tr|Q1GAJ7|Q1GAJ7_LACDA,1259,tr,Q1GAJ7,Q1GAJ7,FLDDVI,1001,1006,FLDDVI,225,230,DKAISFLDDVIKQSPD,6,strong,weak,very_weak,,,very_weak,,,,,weak,very_weak,,,,,,,,weak,very_weak,,,,,,,,,,,,,,,,,,very_weak,,,very_weak,,,very_weak,,,very_weak,,weak,very_weak,,,,,,,,,,,,,,weak,very_weak,,,very_weak,,,,,,,,,very_weak,,,,strong,weak,very_weak,0.64,16.619999999999997,35.585,4.535,25.075,21.545,7.479999999999999,47.85,35.31,52.48,33.114999999999995,26.96,12.35,14.69,12.885,35.765,36.675,22.705,20.01,7.6,11.655,20.275,50.295,16.445,32.17,117.711063915117,841.27825727821,2870.8441594672,298.893228880211,1108.29487146165,4267.88561952084,475.770954312703,3243.18489667868,1869.93723018431,4714.53209663809,6711.47036211246,1367.16219480885,1285.39294409449,776.537776366917,1883.66440946541,686.404675081762,2337.83453226227,1863.71605163393,1679.59219590948,450.233573593037,709.012101738405,1519.15506303528,2653.79213045157,715.84934904987,Solute carrier family 4 member 4,Q9Y6R1,603345.0,gene,8671.0,SLC4A4,ENSG00000080493,bacteria
sp|Q9Y6R1|S4A4_HUMAN,sp,Q9Y6R1,S4A4,HUMAN,0001259|tr|Q1G8T0|Q1G8T0_LACDA,1259,tr,Q1G8T0,Q1G8T0,IATLMS,344,349,IATLMS,329,334,LTGNQIATLMSYYLLQ,6,,,very_weak,,,,,,,,,,strong,weak,very_weak,,,,,,,,,very_weak,,,,,,,,,,,,,,,,,,,,,,,,,,,very_weak,,weak,very_weak,,,,,,very_weak,,weak,very_weak,,,,,,,,,,,,,,,,,,,strong,weak,very_weak,11.345,35.465,47.695,25.105,1.995,50.71,43.565,18.345,46.265,45.9,57.085,33.205,33.010000000000005,22.41,41.95,5.0200000000000005,31.985,19.295,2.03,44.825,25.09,45.395,34.23,30.38,42.99,1148.44509155901,411.353857484513,959.793530859827,2042.42975496401,34.4517787319993,2043.07071599326,3086.88827236915,187.031348583029,444.012300402832,1209.53461649271,4161.90694215832,402.304130871304,2493.10028331544,247.294021444531,1153.10180167151,25.1660263481629,243.326078436337,420.998712834494,144.673520998507,717.39233049523,403.027351848227,614.044205786712,347.77764052907,456.472865750281,Solute carrier family 4 member 4,Q9Y6R1,603345.0,gene,8671.0,SLC4A4,ENSG00000080493,bacteria
sp|Q9Y6R1|S4A4_HUMAN,sp,Q9Y6R1,S4A4,HUMAN,0001259|tr|Q1G9J2|Q1G9J2_LACDA,1259,tr,Q1G9J2,Q1G9J2,VDGQEM,118,123,VDGQEM,109,114,KFSLYVDGQEMSVFRL,6,,,very_weak,,,very_weak,,,,strong,weak,very_weak,,,,,,very_weak,strong,weak,very_weak,,,,,,,,,,,,,,,,,,,,,,,,,,,,,,very_weak,,,,,,,,,,,,,,,very_weak,,,,,,,,,very_weak,,,very_weak,,,,strong,weak,very_weak,11.895,16.035,47.25,1.935,38.55,18.765,0.675,26.91,27.305,34.915,51.33,49.145,23.945,34.65,38.79,32.51,58.09,38.06,33.92,13.945,30.675,37.035,11.215,19.745,41.885000000000005,198.995933856544,478.548512706968,2292.37223018439,78.5729689405918,634.007640951023,1988.33237627066,31.4835231579955,623.032001465661,756.035232739896,1168.72724795225,6448.5145113677,1446.77285829055,959.565093478505,801.090394746351,2437.3028864445,190.46832906893,1579.76897658092,1504.82434174533,1766.16211099625,297.492981108831,721.822546483165,982.414357451626,256.444127506783,251.691320427157,Solute carrier family 4 member 4,Q9Y6R1,603345.0,gene,8671.0,SLC4A4,ENSG00000080493,bacteria
sp|Q9Y6R1|S4A4_HUMAN,sp,Q9Y6R1,S4A4,HUMAN,0644875|tr|A0A934PAD7|A0A934PAD7_9STRE,644875,tr,A0A934PAD7,A0A934PAD7,KDIKRK,448,453,KDIKRK,88,93,REEARKDIKRKRQTYL,6,,,,,,,,,,,,,,,,,,,,weak,very_weak,,,,,,,,,,,,,,,,,,,,,,,,,,,,,,,,,,,,,,,,,,,,,,,,,,,,,,,,,,,,,,weak,very_weak,94.785,41.96,38.165000000000006,51.620000000000005,40.63,68.7,5.565,69.50999999999999,31.68,95.0,69.14500000000001,61.65,95.0,76.925,56.455,73.05000000000001,95.0,80.295,27.6,85.11,78.255,71.175,70.66499999999999,87.195,32.099999999999994,25070.1494076029,1219.90437707071,2141.69099808365,8014.23344711222,1469.45899475461,13039.731512013,792.572395306329,3913.4935648533,1781.13058112466,29850.1562914354,16004.037100555,10190.2261406087,35383.0789901971,11679.2334348519,9278.57630754901,2246.11650563957,35177.7109544502,15809.2153526993,2695.55076720689,8367.06778566253,9875.76861021025,5170.24844855061,4400.06576988749,9530.7129928129,Solute carrier family 4 member 4,Q9Y6R1,603345.0,gene,8671.0,SLC4A4,ENSG00000080493,bacteria
sp|Q9Y6R1|S4A4_HUMAN,sp,Q9Y6R1,S4A4,HUMAN,0644875|tr|A0A934PA53|A0A934PA53_9STRE,644875,tr,A0A934PA53,A0A934PA53,TFGGLL,486,491,TFGGLL,408,413,EGDMITFGGLLGSAPV,6,,,very_weak,,,,,,,,,,strong,weak,very_weak,,,,,,,,,very_weak,,,,,weak,very_weak,,,,,,,,,,,,,,,,,,,,,,,,very_weak,,weak,very_weak,,,,,,,,,,,,,,,,,,,,,,,,,strong,weak,very_weak,17.869999999999997,23.23,33.095,45.05,1.92,48.97,55.625,18.14,42.615,2.655,45.965,35.09,29.26,28.805,53.1,12.9,7.41,44.975,31.41,26.775,43.755,24.96,26.55,23.045,35.03,2156.75961993588,1081.26532043491,1459.06603317348,7109.35652394431,105.627231324643,7301.12460185519,7268.96504560887,600.152080668408,2185.22869861919,43.8183132326453,7330.09466236629,1921.97757138302,2178.66562826622,1993.9121394733,5192.89805588258,45.9081107213806,269.548062287281,3348.87899882456,2526.80175486267,888.495773801049,1986.37562802823,342.382568060077,394.929207047064,598.997347771175,Solute carrier family 4 member 4,Q9Y6R1,603345.0,gene,8671.0,SLC4A4,ENSG00000080493,bacteria
sp|Q9Y6R1|S4A4_HUMAN,sp,Q9Y6R1,S4A4,HUMAN,0644875|tr|A0A934PBC9|A0A934PBC9_9STRE,644875,tr,A0A934PBC9,A0A934PBC9,KEKKEK,52,57,KEKKEK,145,150,LVKIIKEKKEKTNR,6,,,,,,,,,,,,,,,,,,,,weak,very_weak,,,,,,,,,,,,,,,,,,,,,,,,,,,,,,,,,,,,,,,,,,,,,,,,,,,,,,,,,,,weak,very_weak,,weak,very_weak,72.94,24.44,20.97,49.355,38.05,45.485,9.375,81.14500000000001,27.585,95.0,54.69,44.75,95.0,45.495000000000005,24.075,57.1,95.0,45.65,27.525,56.235,47.545,44.525,71.91499999999999,65.085,8.06,24377.8829696923,1893.75949504765,2367.56639108816,13422.0730531731,4018.88236525079,14332.2426512499,1777.22277236993,12989.3200615542,3386.29896722612,24510.1219907835,17883.4119047082,10407.7346555287,24858.3861290578,8960.58911693495,5395.82986529807,4704.49379092045,23727.5699158944,13834.4729122747,5036.62834842348,8366.43410093165,6864.74527896805,8128.01968579459,11173.7834525108,8426.21074478399,Solute carrier family 4 member 4,Q9Y6R1,603345.0,gene,8671.0,SLC4A4,ENSG00000080493,bacteria
sp|Q9Y6R1|S4A4_HUMAN,sp,Q9Y6R1,S4A4,HUMAN,0644875|tr|A0A934PB95|A0A934PB95_9STRE,644875,tr,A0A934PB95,A0A934PB95,FILTGL,884,889,FILTGL,267,272,TYLFGFILTGLFTAVM,6,,,,,,,,,,,,,,,,,,,,,,,,,,,,,,,,,,,,,,,,,,,,,,,,,,,,,,,,,,,,very_weak,,,,,,,,,,,,,,,,,,,,,,,,very_weak,33.745,60.54,59.57,35.53,49.075,66.33,73.535,33.425,60.065,63.03,62.465,27.905,47.01,31.605,57.510000000000005,41.925,61.805,14.645,40.940000000000005,48.665000000000006,32.16,48.64,53.55,34.085,56.67,496.056620480291,975.624417362676,1512.23449388673,1949.75099016318,442.03741022108,5812.76094044277,6758.83753395565,233.782428544806,1220.8682916184,1602.45861911332,5263.72155226198,209.112301521823,2902.98544309927,223.408496901494,2356.88285319085,119.953324444579,1362.30414963661,191.644555522388,574.228600473701,972.483783361455,445.470335841102,875.223760048412,569.618501353305,377.502515011454,Solute carrier family 4 member 4,Q9Y6R1,603345.0,gene,8671.0,SLC4A4,ENSG00000080493,bacteria
sp|Q9Y6R1|S4A4_HUMAN,sp,Q9Y6R1,S4A4,HUMAN,0644875|tr|A0A934PAL1|A0A934PAL1_9STRE,644875,tr,A0A934PAL1,A0A934PAL1,LFILLG,324,329,LFILLG,169,174,FFIGGLFILLGLFLMT,6,,,,,,,,,,,,,,,,,,,,,,,,,,,,,,,,,,,,,,,,,,,,,,,,,,,,,,,,,,,,,,,,,,,,,,,,,,,,,,,,,,,,,59.58,73.675,81.235,74.09,52.025,81.435,86.7,76.385,82.25,86.37,70.74,42.94,79.045,52.425,62.8,23.85,70.96000000000001,31.675,49.305,82.13499999999999,60.095,62.375,80.535,74.06,71.695,2991.76027030236,2751.86577728574,6300.91884035991,8612.58724372626,1624.0150565227,13063.0316599103,13448.3843261716,3756.94995655545,6323.93559907423,6391.14001835144,8464.22283587514,407.23100228247,7958.41265627499,708.643972360953,3356.89632274811,277.151520803911,2598.38745258358,430.091870584462,2515.2908125667,5612.88304848868,1175.48670195658,2658.7929753622,4164.51955464189,3276.97646357286,Solute carrier family 4 member 4,Q9Y6R1,603345.0,gene,8671.0,SLC4A4,ENSG00000080493,bacteria
sp|Q9Y6R1|S4A4_HUMAN,sp,Q9Y6R1,S4A4,HUMAN,0644875|tr|A0A934P8B8|A0A934P8B8_9STRE,644875,tr,A0A934P8B8,A0A934P8B8,VIDALV,741,746,VIDALV,132,137,ARFSRVIDALVPLINH,6,,weak,very_weak,,,very_weak,,,,,,very_weak,,,,,,,,,very_weak,,weak,very_weak,,,,,,very_weak,,weak,very_weak,,,,,,,,,very_weak,,,very_weak,,weak,very_weak,,,very_weak,,,very_weak,,,,,,very_weak,,,very_weak,,,very_weak,,weak,very_weak,,,,,,very_weak,,weak,very_weak,,,,,weak,very_weak,5.6450000000000005,12.61,21.335,13.07,26.73,20.09,14.935,6.4350000000000005,23.01,18.535,3.995,22.915,10.6,11.035,5.87,12.36,27.645,14.14,11.54,12.29,8.02,35.465,11.35,9.03,25.75,259.891028187095,223.863398722532,463.404910982546,297.985866602826,295.408095788311,821.791596163168,471.257345230072,63.9724131737757,100.570536363701,456.033512091467,609.266053659099,370.041344028806,935.879254309749,180.445774946436,562.14887186501,32.1865126212766,406.095800996373,476.605618871581,395.934650667627,138.955579597777,210.781904836901,282.553198916314,132.465213458731,85.3819269928667,Solute carrier family 4 member 4,Q9Y6R1,603345.0,gene,8671.0,SLC4A4,ENSG00000080493,bacteria
sp|Q9Y6R1|S4A4_HUMAN,sp,Q9Y6R1,S4A4,HUMAN,0644875|tr|A0A934UCN7|A0A934UCN7_9STRE,644875,tr,A0A934UCN7,A0A934UCN7,SILKPL,79,84,SILKPL,34,39,IGHLWSILKPLLLFTI,6,,,,,,,,,very_weak,,,very_weak,,,very_weak,,,,,,,,weak,very_weak,,,,,,,,,,,,very_weak,,weak,very_weak,,,,,,,,,,,,,strong,weak,very_weak,,,,,,very_weak,,,very_weak,,,,,,,,,,,,very_weak,,,very_weak,,,very_weak,strong,weak,very_weak,26.57,37.035,19.475,15.085,17.59,22.47,23.26,8.34,23.325,63.69,35.005,19.875,59.68,21.74,33.52,0.655,60.885,11.5,10.315,24.675,25.46,37.105,19.19,19.91,13.465,1029.13435920434,201.385021793971,398.237505675838,1323.94150915869,114.068774880002,1724.20719235716,1595.02048930059,66.2705803247751,349.67552743784,2666.54271886842,1310.43105060524,115.739657500247,4540.51356024341,101.304438600522,446.522312085704,6.4900069080507,1262.28010973209,250.027495460534,132.713396917375,412.56178282604,178.964174934104,256.793974168035,172.01933732681,253.410083087716,Solute carrier family 4 member 4,Q9Y6R1,603345.0,gene,8671.0,SLC4A4,ENSG00000080493,bacteria
sp|Q9Y6R1|S4A4_HUMAN,sp,Q9Y6R1,S4A4,HUMAN,0644875|tr|A0A934P949|A0A934P949_9STRE,644875,tr,A0A934P949,A0A934P949,FLDEVI,373,378,FLDEVI,436,441,LDKLSFLDEVIIVRDK,6,,weak,very_weak,,,,,,,,weak,very_weak,,,very_weak,,,,,weak,very_weak,,,,,,,,,,,,very_weak,,,,,weak,very_weak,,,very_weak,,weak,very_weak,,weak,very_weak,,weak,very_weak,,,very_weak,,,,,,very_weak,,weak,very_weak,,,,,weak,very_weak,,,,,,,,,,,,,,weak,very_weak,3.0,27.165,39.53,3.99,14.485,26.91,7.535,25.645,23.525,57.565,18.700000000000003,21.08,12.81,4.585,5.56,12.935,44.87,10.73,4.4,24.31,9.36,45.5,31.6,21.225,30.405,123.375694595841,728.617757371036,1803.21656025793,163.15635934237,529.431346874895,3498.20859918843,330.752499519148,903.355904241403,525.436662676575,4153.44973540733,2793.56522337516,437.829617258122,998.218654426,152.823215867125,566.281724746539,151.872110655656,1159.95912653594,463.299630237452,474.147047352356,592.365366995889,194.186856420919,1159.50739649834,1024.83412141784,483.095364862114,Solute carrier family 4 member 4,Q9Y6R1,603345.0,gene,8671.0,SLC4A4,ENSG00000080493,bacteria
sp|Q9Y6R1|S4A4_HUMAN,sp,Q9Y6R1,S4A4,HUMAN,0644875|tr|A0A934UCZ4|A0A934UCZ4_9STRE,644875,tr,A0A934UCZ4,A0A934UCZ4,ILSSTG,525,530,ILSSTG,24,29,FALIAILSSTGLLGIY,6,,,,,,,,,,,,,,weak,very_weak,,,,,,,,,,,,,,,,,,,,,,,,,,,,,,very_weak,,,,,,,,weak,very_weak,,,,,,very_weak,,weak,very_weak,,,,,,very_weak,,,,,,,,,,,,,,weak,very_weak,47.825,33.555,37.94,35.71,8.285,34.365,32.745,20.635,26.950000000000003,37.585,44.775,29.19,49.875,12.37,48.445,7.67,47.08,16.1,9.265,27.81,19.6,50.735,23.31,30.515,39.41,2725.46409482505,421.805740310671,666.440593762565,2405.60185015714,84.1010641608522,2427.06609544718,2080.97541298477,104.629680614573,192.386244968864,692.012370869543,3821.76942607082,285.049636240273,3458.50405860205,126.818844088856,2277.11977216067,24.9283566948129,787.929573801157,306.779614556304,367.8497922964,393.13434550245,290.856900124679,1052.15923561979,200.67593822673,331.781173771758,Solute carrier family 4 member 4,Q9Y6R1,603345.0,gene,8671.0,SLC4A4,ENSG00000080493,bacteria
sp|Q9Y6R1|S4A4_HUMAN,sp,Q9Y6R1,S4A4,HUMAN,0644875|tr|A0A934P954|A0A934P954_9STRE,644875,tr,A0A934P954,A0A934P954,SDKSDI,65,70,SDKSDI,248,253,IKEAKSDKSDIFLAKI,6,,,,,,,,,,,weak,very_weak,,,,,,,,weak,very_weak,,,,,,,,,,,,,,,,,,,,,,,,,,,,,,very_weak,,,,,,very_weak,,,,,,,,,,,,,,,,,,,,,,,,,,weak,very_weak,50.535,32.400000000000006,70.155,3.025,67.805,61.095,8.03,60.52,58.02,26.455,31.99,32.805,38.97,41.23,24.32,67.85499999999999,12.31,37.995000000000005,51.535,42.985,28.16,44.77,60.48,64.495,68.18,6442.02902564375,1843.04147118492,4434.18933147529,258.712683008653,4208.04732946796,9176.83859620855,732.332431290428,2297.36304998793,2766.76347215257,2016.82459925108,5031.34508675186,871.896755705445,3898.9124154353,827.403488968408,1465.60055870248,1428.20247892044,540.673459396968,1352.71296366864,5548.63668820623,2482.81717812865,635.855621084821,2225.81899046227,1950.84828423669,3507.57001357221,Solute carrier family 4 member 4,Q9Y6R1,603345.0,gene,8671.0,SLC4A4,ENSG00000080493,bacteria
sp|Q9Y6R1|S4A4_HUMAN,sp,Q9Y6R1,S4A4,HUMAN,0644875|tr|A0A934PAG7|A0A934PAG7_9STRE,644875,tr,A0A934PAG7,A0A934PAG7,SSLPQL,177,182,SSLPQL,261,266,TWSLLSSLPQLADDHG,6,,,very_weak,,weak,very_weak,,,very_weak,,,,,,,,weak,very_weak,,,very_weak,,weak,very_weak,,,very_weak,,weak,very_weak,,weak,very_weak,,,very_weak,,,very_weak,,weak,very_weak,,weak,very_weak,,,very_weak,,,very_weak,,weak,very_weak,,weak,very_weak,,,very_weak,,,very_weak,,weak,very_weak,,,very_weak,,,very_weak,,weak,very_weak,,weak,very_weak,,,very_weak,,weak,very_weak,19.56,5.8950000000000005,14.36,29.81,25.44,8.84,14.605,9.275,19.415,3.435,3.46,12.235,9.37,8.995000000000001,19.385,5.735,2.58,13.965,12.44,8.035,13.195,11.54,4.15,6.050000000000001,17.58,1491.46771334429,149.765457792627,265.312017466742,2631.51835907086,410.993504054531,579.063940356849,943.167835690192,129.862551847908,324.573329188155,114.403733605555,852.300073106083,611.571054021414,909.701940265338,416.211386002336,1902.89955692931,16.620421753763,89.4597975198383,1111.3208540904,807.547654774032,87.3280789725388,651.412388795787,173.370270026514,64.1866508097927,76.6069507074007,Solute carrier family 4 member 4,Q9Y6R1,603345.0,gene,8671.0,SLC4A4,ENSG00000080493,bacteria
sp|Q9Y6R1|S4A4_HUMAN,sp,Q9Y6R1,S4A4,HUMAN,0644875|tr|A0A934PBA1|A0A934PBA1_9STRE,644875,tr,A0A934PBA1,A0A934PBA1,TGHKEK,49,54,TGHKEK,249,254,YVALETGHKEKTKKSL,6,,,,,,,,,,,,,,,,,,,,,,,,,,,,,,,,,,,,,,,very_weak,,,,,,,,,,,,,,,,,,,,,,,,,,,,,,,,,,,,,,,,,,very_weak,,,very_weak,89.985,40.53,25.545,69.24,53.255,51.685,25.315,70.505,41.745,54.93000000000001,53.335,55.09,82.97,51.265,36.185,41.47,84.045,60.190000000000005,53.67,49.775,50.34,29.455,52.005,51.885,14.5,20207.6517082149,2498.79846641687,1896.24041569659,10178.4355763262,3703.51385677824,10258.1486835363,4516.16279821935,4814.95453128701,5061.9777005772,4313.70711837652,12588.8946424951,10443.9451127168,11540.4296258602,7467.7850976476,6633.78794752137,338.778665077879,10959.5770222285,11940.9211185373,7494.98323211498,2096.68280310527,6086.42791364345,2586.41047317213,2484.13384016261,2254.68729033417,Solute carrier family 4 member 4,Q9Y6R1,603345.0,gene,8671.0,SLC4A4,ENSG00000080493,bacteria
sp|Q9Y6R1|S4A4_HUMAN,sp,Q9Y6R1,S4A4,HUMAN,0644875|tr|A0A934P9D5|A0A934P9D5_9STRE,644875,tr,A0A934P9D5,A0A934P9D5,IILSIL,732,737,IILSIL,6,11,MKKRNIILSILLMLTL,6,,,,,,,,,,,,,,,,,,,,,,,,,,,,,,,,,very_weak,,,,,,,,,,,,,,,,,,,,,,,,,,,very_weak,,,,,,,,,,,,,,,,,,,,,,,,very_weak,36.38,33.37,45.61,40.995,34.765,42.645,39.54,35.755,34.135,81.32,11.405,26.75,75.945,21.97,25.555,36.795,45.965,13.71,20.1,54.1,25.375,49.19,48.625,47.735,39.27,1716.7796762508,174.926648281145,726.028702471741,2459.31606584461,253.742063103883,562.739167210939,2234.65079574663,289.70737308788,102.89294387648,4747.18918569975,767.491551100175,313.751823191679,7510.00065749419,164.804607432573,596.45571506273,88.473145200289,1033.49736881212,411.718981551404,338.657724838742,1006.55889137985,353.360939196593,786.524166842022,792.238023012985,592.423053161934,Solute carrier family 4 member 4,Q9Y6R1,603345.0,gene,8671.0,SLC4A4,ENSG00000080493,bacteria
sp|Q9Y6R1|S4A4_HUMAN,sp,Q9Y6R1,S4A4,HUMAN,0644875|tr|A0A934PB38|A0A934PB38_9STRE,644875,tr,A0A934PB38,A0A934PB38,ILVATD,567,572,ILVATD,292,297,GEAVDILVATDVAARG,6,,weak,very_weak,,weak,very_weak,,weak,very_weak,,weak,very_weak,,weak,very_weak,,weak,very_weak,,weak,very_weak,,,very_weak,,weak,very_weak,,weak,very_weak,,,very_weak,,,,,weak,very_weak,,weak,very_weak,,,,,,,,weak,very_weak,,weak,very_weak,,weak,very_weak,,,,,weak,very_weak,strong,weak,very_weak,,,,,,very_weak,,,very_weak,,weak,very_weak,,,very_weak,strong,weak,very_weak,7.55,3.79,6.25,8.115,5.69,9.185,3.48,15.760000000000002,8.504999999999999,8.995000000000001,11.0,38.065,2.59,23.26,22.81,3.495,8.86,33.724999999999994,2.61,1.57,30.980000000000004,13.955,18.795,6.87,18.505000000000003,1222.83809811078,249.35209881112,320.396794971944,762.195293064016,259.074033717036,1384.42950315707,332.079260894392,552.680269308185,226.948486096628,438.042844035233,2570.20254108334,2635.99233187128,627.422351232506,1489.85485104459,3663.73793979498,37.1411540402784,362.931778124162,3842.99973412297,426.597406077452,122.013663598871,1704.39775079104,812.745641960166,499.028192432833,281.54613408349,Solute carrier family 4 member 4,Q9Y6R1,603345.0,gene,8671.0,SLC4A4,ENSG00000080493,bacteria
sp|Q9Y6R1|S4A4_HUMAN,sp,Q9Y6R1,S4A4,HUMAN,0644875|tr|A0A934PA88|A0A934PA88_9STRE,644875,tr,A0A934PA88,A0A934PA88,TGLSVF,887,892,TGLSVF,19,24,MRTAKTGLSVFTVLLL,6,,,,,,,,,,,,,,,,,,,,,,,,,,,,,,,,,very_weak,,,,,,,,,,,,,,,,,,,,,,,,,,,,,,,,,,,,,,,,,,,,,,,,,,,very_weak,34.13,59.365,48.650000000000006,62.09,38.0,62.6,72.245,42.21,64.405,21.585,16.615,45.45,53.760000000000005,44.93000000000001,46.605,46.2,36.695,43.97,42.645,58.625,48.12,41.865,51.11,56.77,51.465,1992.33788209333,872.038273132793,755.904361930673,4909.16970656378,531.020474407249,4483.1058010184,6312.24598400462,281.293407439942,1547.80849738458,158.814252098543,1106.68917411239,586.51078813998,3502.03352272644,506.217459543007,1562.63309919223,104.897190515471,466.483623190509,795.045979053536,1292.67328615009,974.717020165031,712.580559882401,199.493920148167,354.993418808818,899.863540815714,Solute carrier family 4 member 4,Q9Y6R1,603345.0,gene,8671.0,SLC4A4,ENSG00000080493,bacteria
sp|Q9Y6R1|S4A4_HUMAN,sp,Q9Y6R1,S4A4,HUMAN,0644875|tr|A0A934UDK4|A0A934UDK4_9STRE,644875,tr,A0A934UDK4,A0A934UDK4,LLAVDG,115,120,LLAVDG,45,50,ASIDGLLAVDGGFFSN,6,,,,,,,,,,,weak,very_weak,,,,,,,,weak,very_weak,,,,,,,,,,,,,,,,,,,,,,,,,,,,,,,,,very_weak,,,,,,,,weak,very_weak,,,very_weak,,,,,,,,,,,,,,,,,weak,very_weak,31.675,36.57,60.315,3.965,23.22,46.665000000000006,5.345,24.545,36.02,49.795,67.33,65.905,25.08,56.06,64.5,14.68,40.14,52.59,8.995000000000001,17.57,56.86,52.745000000000005,34.655,39.650000000000006,63.385,2349.42290585789,1389.90772879386,2486.79616575435,206.566717315497,652.590491816468,6767.91163106072,374.006142704895,673.654038677489,810.909829356535,1354.88083498473,9538.14054006234,3144.80514453229,1660.16959325774,2517.30552079038,5757.24187883438,108.897420808944,933.219900248874,3563.49573018571,546.436929150969,544.077108813053,2358.66859584634,1621.92539562839,716.973303517403,1189.45768237498,Solute carrier family 4 member 4,Q9Y6R1,603345.0,gene,8671.0,SLC4A4,ENSG00000080493,bacteria
sp|Q9Y6R1|S4A4_HUMAN,sp,Q9Y6R1,S4A4,HUMAN,0644875|tr|A0A934P8X5|A0A934P8X5_9STRE,644875,tr,A0A934P8X5,A0A934P8X5,LTILSS,523,528,LTILSS,166,171,CKPADLTILSSSENES,6,,,,,,,,,,,,,,,,,,,,,,,,,,,,,,,,,,,,,,,,,weak,very_weak,,,,,,,,,,,,very_weak,,,,,,,,,,,,very_weak,,,,,,,,,,,weak,very_weak,,,,,weak,very_weak,50.040000000000006,30.745,26.22,59.095,30.185,34.79,56.48,45.545,52.225,36.61,40.485,62.035,2.375,43.44,60.245,13.545,26.065,59.21,23.160000000000004,12.07,51.21,21.11,31.335,8.095,31.325,7425.88718785886,2326.52985936041,2242.61967297042,9580.75408287384,2979.35590674232,9810.27178472773,9981.58228466298,3743.2355636334,4844.95111157693,1943.87411625383,10591.426235207,7800.52731226407,687.199797120377,4955.2772183508,10123.3009795033,250.233178412822,1216.59589881089,9338.9064886762,3283.32926587272,866.573580943994,4259.48957012409,1175.13063774104,1724.44973142817,473.849591072296,Solute carrier family 4 member 4,Q9Y6R1,603345.0,gene,8671.0,SLC4A4,ENSG00000080493,bacteria
sp|Q9Y6R1|S4A4_HUMAN,sp,Q9Y6R1,S4A4,HUMAN,0644875|tr|A0A934P9C6|A0A934P9C6_9STRE,644875,tr,A0A934P9C6,A0A934P9C6,REASSL,174,179,REASSL,250,255,AEQDEREASSLHKKKQ,6,,,,,,,,,,,,,,,,,,,,,,,,,,,,,,,,,,,,,,,very_weak,,,,,,,,,,,,,,,,,,,,,,,,,,,,,,,,,,,,,,,,,,,,,very_weak,90.905,67.705,62.6,74.71,78.75,66.265,67.78999999999999,60.715,72.165,73.21000000000001,22.425,53.745000000000005,84.83500000000001,65.565,39.48,68.88,67.66,54.89,75.49000000000001,54.99,52.495,42.45,66.37,71.115,47.54,22728.4676703703,7825.97311791066,7259.45479293795,15889.1269687721,10760.4154407207,17515.1661071221,12403.5302752435,7130.695785883,11308.4220902073,6901.53537318191,7206.08378831999,11242.4215963134,13461.0495289375,11692.8890171782,9128.90719094593,4188.28825449455,8778.45158734161,15215.634190219,13674.93659939,6101.06502944104,7651.07049453221,4848.46461182275,6339.41825031112,10037.6825756773,Solute carrier family 4 member 4,Q9Y6R1,603345.0,gene,8671.0,SLC4A4,ENSG00000080493,bacteria
sp|Q9Y6R1|S4A4_HUMAN,sp,Q9Y6R1,S4A4,HUMAN,0644875|tr|A0A934UD18|A0A934UD18_9STRE,644875,tr,A0A934UD18,A0A934UD18,EEKVEQ,135,140,EEKVEQ,24,29,QGLTPEEKVEQAALRK,6,,,,,,,,,,,,,,,,,,,,weak,very_weak,,,,,,,,,,,,,,,,,,very_weak,,,,,,,,,,,,,,,,,,,,,,,,,,,,,,,,,,,,,,,,,,very_weak,,weak,very_weak,84.53999999999999,43.965,31.94,52.265,70.63499999999999,67.32,9.335,55.63,56.61,75.05000000000001,37.84,70.41,70.64,66.185,40.155,61.55,71.13,68.885,60.53,63.245000000000005,56.19,44.335,64.69,79.175,19.65,18637.8471663569,2029.74052192972,4332.65130348381,9997.47069719788,7813.28212512663,16554.9520679121,1660.36719435256,5940.43152284985,5926.75689189282,8678.15918535789,9461.56516001741,12145.4947979548,7151.55743082941,9388.34680757837,7372.24971504898,2526.99313815341,8703.73644984047,14868.6608177434,8764.59532312873,5175.78956897564,6139.33962091632,5770.96246000189,5482.04048676333,8406.54107633375,Solute carrier family 4 member 4,Q9Y6R1,603345.0,gene,8671.0,SLC4A4,ENSG00000080493,bacteria
sp|Q9Y6R1|S4A4_HUMAN,sp,Q9Y6R1,S4A4,HUMAN,0644875|tr|A0A934PA53|A0A934PA53_9STRE,644875,tr,A0A934PA53,A0A934PA53,ITFGGL,485,490,ITFGGL,407,412,KEGDMITFGGLLGSAP,6,,,very_weak,,,,,,,,,,strong,weak,very_weak,,,,,,,,,very_weak,,,,,weak,very_weak,,,,,,,,,,,,,,,,,,,,,,,weak,very_weak,,weak,very_weak,,,,,,,,,very_weak,,,,,weak,very_weak,,,,,,very_weak,,,,strong,weak,very_weak,15.805,22.545,22.365,49.23,2.0,38.18,53.405,15.795,35.61,3.125,54.405,38.365,28.395,35.495,51.54,9.44,9.04,43.23,25.805,16.055,41.75,9.38,23.155,14.675,26.97,2214.16939239757,1219.74599821402,1515.95324232704,6698.9194368423,91.0978408243539,8737.893743635,7332.47434853206,402.75708118214,1846.0950168605,54.828228889942,7809.9858394142,1774.43673073489,2459.10320102083,1872.5287595138,5055.57372613415,90.8301358470738,372.794111792605,2867.58451220655,2488.3841609682,937.338535698521,1959.07650109106,452.137444365208,485.474253914561,672.321510245909,Solute carrier family 4 member 4,Q9Y6R1,603345.0,gene,8671.0,SLC4A4,ENSG00000080493,bacteria
sp|Q9Y6R1|S4A4_HUMAN,sp,Q9Y6R1,S4A4,HUMAN,0644875|tr|A0A934PAG9|A0A934PAG9_9STRE,644875,tr,A0A934PAG9,A0A934PAG9,ERISEN,58,63,ERISEN,157,162,VVEELERISENNKTI,6,,,,,,,,,,,,,,,,,,,,,,,,,,,,,,,,,,,,,,,very_weak,,,,,,,,,,,,,,,,,,,,,,,,,,,,,,,,,,,,,,,,,,,,,very_weak,80.265,47.02,50.01,61.565,44.21,49.1,44.07,51.035,40.11,76.97999999999999,45.575,72.58,66.75999999999999,58.33,40.185,60.34,68.565,61.575,39.255,47.635,50.765,55.24,58.08,59.42999999999999,44.36,15288.7402511024,3605.92687976287,5165.10444254381,9090.86041399418,5048.79545103047,8984.08214460952,7307.92146685942,4218.94311449719,2704.40234303188,8136.90682129042,13664.2876435167,10219.4859046543,7133.24227453601,7390.61876640751,8159.12305573036,2416.63696072812,8313.55545795506,11359.805059899,5804.52782181301,3473.73009714327,5126.18797701058,4424.12561042223,4532.56190042702,4986.95729279858,Solute carrier family 4 member 4,Q9Y6R1,603345.0,gene,8671.0,SLC4A4,ENSG00000080493,bacteria
sp|Q9Y6R1|S4A4_HUMAN,sp,Q9Y6R1,S4A4,HUMAN,0644875|tr|A0A934PBE2|A0A934PBE2_9STRE,644875,tr,A0A934PBE2,A0A934PBE2,FLSDSK,1057,1062,FLSDSK,225,230,ETVQTFLSDSKSLGFS,6,,,,,,,,weak,very_weak,,weak,very_weak,,,,,weak,very_weak,strong,weak,very_weak,,weak,very_weak,,weak,very_weak,,,,,,,,,,,,very_weak,,,,,,,,,,,,,,,,,,,,,,,,,,weak,very_weak,,,,,,very_weak,,weak,very_weak,,,very_weak,,weak,very_weak,strong,weak,very_weak,28.700000000000003,25.135,5.73,2.46,31.105,5.44,0.585,6.325,6.58,43.540000000000006,42.88,56.275000000000006,43.23,35.45,22.39,28.215,37.385000000000005,49.09,26.735,6.97,31.76,17.135,8.735,19.235,3.12,3470.42419216258,707.050952491967,505.828730465797,148.24997423326,567.944590022552,800.804414329349,56.6352771676577,92.7046714525004,272.795984895979,1917.47026923445,6168.03621217284,2818.12519261113,3476.85105243345,2002.23533264345,2597.23503519345,202.462109969217,1954.24959298002,3623.13455248118,1597.12732722385,223.635832146507,1603.98511144883,566.153071466219,182.85534303024,618.839742987414,Solute carrier family 4 member 4,Q9Y6R1,603345.0,gene,8671.0,SLC4A4,ENSG00000080493,bacteria
sp|Q9Y6R1|S4A4_HUMAN,sp,Q9Y6R1,S4A4,HUMAN,0644875|tr|A0A934PA99|A0A934PA99_9STRE,644875,tr,A0A934PA99,A0A934PA99,ELKDKV,199,204,ELKDKV,350,355,AYDKAELKDKVSLFSL,6,,,,,,,,weak,very_weak,,weak,very_weak,,,,,,,,,,,,,,,,,,,,,,,,,,,,,,,,,,,,,,,,,,,,,,,,,,,,,,,,,,,,,,,,,,,,,,,weak,very_weak,73.265,43.63,8.92,6.99,32.620000000000005,50.13,23.37,53.71,30.505000000000003,86.85,54.825,36.81,83.0,52.7,40.57,57.21,71.41499999999999,56.42,39.82,45.445,50.13,46.150000000000006,63.31999999999999,59.685,25.005,10179.0963682722,1026.75422459172,484.047613360425,295.047140230432,1052.81972236106,6871.2845935741,1235.00443866285,1638.41686933399,1011.93142464409,7981.26408992199,7327.24005838785,2621.20313166259,8675.24890495091,1707.27700813614,2539.29934217582,726.217258222391,5413.25568465846,3815.48928559329,2589.93891064295,1939.44136555808,1452.37205810876,2773.86735331474,2429.87757650452,2639.6740906677,Solute carrier family 4 member 4,Q9Y6R1,603345.0,gene,8671.0,SLC4A4,ENSG00000080493,bacteria
sp|Q9Y6R1|S4A4_HUMAN,sp,Q9Y6R1,S4A4,HUMAN,0644875|tr|A0A934P830|A0A934P830_9STRE,644875,tr,A0A934P830,A0A934P830,MILALV,979,984,MILALV,160,165,PTAQSMILALVTIAII,6,,,,,,,,,,,,,,,,,,,,,,,,,,,,,,,,,,,,,,,,,,,,,,,,,,,,,,,,,,,,,,,,,,,,,,,,,,,,,,,,,,,,,41.815,46.755,50.43,54.31,38.765,60.585,64.73,39.05,56.75,39.22,31.3,49.26,43.465,38.77,56.94,28.79,22.995,49.92,22.24,50.605,52.95,46.08,47.26,44.555,51.41,2004.81497834547,470.462587750052,944.863365790897,4708.97526309615,626.832023466374,4609.51615321018,5297.37357278476,342.367750366828,952.90214461631,786.200852662322,2374.10762929234,1114.69274781974,2884.41914097999,557.340189933949,3073.32458434879,68.4236488208367,296.169783605071,1651.05172610923,762.302508797212,1094.45981269851,1089.73332298441,546.927872654664,544.05944871861,770.870426978042,Solute carrier family 4 member 4,Q9Y6R1,603345.0,gene,8671.0,SLC4A4,ENSG00000080493,bacteria
sp|Q9Y6R1|S4A4_HUMAN,sp,Q9Y6R1,S4A4,HUMAN,0644875|tr|A0A934P9V3|A0A934P9V3_9STRE,644875,tr,A0A934P9V3,A0A934P9V3,YDAFKK,598,603,YDAFKK,157,162,QYSSRYDAFKKGEIAP,6,,,,,,,,,very_weak,,,,,,,,,,,,,,,,,,,,,,,,,,,,,,very_weak,,,,,,,,,very_weak,,,,,,,,,,,,,,,,,,,,,,,,very_weak,,,,,,,,weak,very_weak,,weak,very_weak,48.915,58.995000000000005,15.965,33.739999999999995,27.7,46.135000000000005,46.155,31.355,26.47,69.0,43.72,20.335,74.08,31.09,15.31,35.34,74.725,24.96,38.4,57.355,24.68,10.205,30.71,54.25,6.205,8735.7195464975,3840.83816119757,1685.52699425306,5138.79382856424,1093.24078540034,10552.5348739533,6589.29309506652,1952.6010140409,3245.46658412221,5621.1484286252,9983.41842814767,1871.43502037883,8561.02382937053,3142.18622635447,2761.70895008574,1035.94917699623,7806.69094434646,3957.99323595235,5947.69894382095,4233.71322206159,2162.88223713394,874.352978629727,1721.09453024046,3842.00193395861,Solute carrier family 4 member 4,Q9Y6R1,603345.0,gene,8671.0,SLC4A4,ENSG00000080493,bacteria
sp|Q9Y6R1|S4A4_HUMAN,sp,Q9Y6R1,S4A4,HUMAN,0644875|tr|A0A934PA53|A0A934PA53_9STRE,644875,tr,A0A934PA53,A0A934PA53,FGGLLG,487,492,FGGLLG,409,414,GDMITFGGLLGSAPVM,6,,,,,,,,,,,,,,weak,very_weak,,,,,,,,,,,,,,weak,very_weak,,,,,,,,,,,,,,,,,,,,,,,,very_weak,,weak,very_weak,,,,,,,,,,,,,,,,,,,,,,,,,,weak,very_weak,33.335,23.23,33.095,59.825,3.505,63.255,55.625,32.385,42.615,2.655,53.58,35.09,39.355,47.815,53.1,16.66,9.705,44.975,48.165,26.775,53.67,39.565,41.325,23.045,35.03,2425.43850176837,1081.26532043491,1459.06603317348,7136.33014668404,119.263551452762,6000.5731595845,7268.96504560887,704.401332867906,2185.22869861919,43.8183132326453,6859.0284840091,1921.97757138302,2341.88521365735,1939.71418097677,5192.89805588258,33.3763597763764,265.228782626921,3348.87899882456,2503.72394751295,888.495773801049,2346.14598296777,308.433743896114,360.60281222282,598.997347771175,Solute carrier family 4 member 4,Q9Y6R1,603345.0,gene,8671.0,SLC4A4,ENSG00000080493,bacteria
sp|Q9Y6R1|S4A4_HUMAN,sp,Q9Y6R1,S4A4,HUMAN,0644875|tr|A0A934P9N5|A0A934P9N5_9STRE,644875,tr,A0A934P9N5,A0A934P9N5,IKLADY,605,610,IKLADY,58,63,LGEIKIKLADYFDIVD,6,strong,weak,very_weak,,weak,very_weak,,,,,,,,,very_weak,,,,,,very_weak,,,very_weak,,,very_weak,,,,,,,,weak,very_weak,,,,,,,,weak,very_weak,,weak,very_weak,,,,,,,,,,strong,weak,very_weak,strong,weak,very_weak,,,,,weak,very_weak,,,,,,very_weak,,,,,,,strong,weak,very_weak,1.255,7.225,24.94,20.295,10.88,42.88,19.275,17.945,14.595,65.285,35.625,4.62,29.5,7.5,5.4350000000000005,37.57,47.91,1.645,1.89,51.23,2.795,39.615,14.485,32.565,31.79,92.8642927095044,259.553811554648,1039.00244503667,871.07640739767,166.134827089152,4438.41331326673,1502.95309160169,176.28706097567,197.524380784223,3346.74186746627,3156.0879735838,77.5300270785481,2027.26040668275,165.958761334823,626.21514850379,250.365879494704,1386.7682347201,83.1933138981954,194.717045695805,1887.64286707558,149.567895869609,845.576451249945,191.497389892645,685.580801065087,Solute carrier family 4 member 4,Q9Y6R1,603345.0,gene,8671.0,SLC4A4,ENSG00000080493,bacteria
sp|Q9Y6R1|S4A4_HUMAN,sp,Q9Y6R1,S4A4,HUMAN,0644875|tr|A0A934UDG8|A0A934UDG8_9STRE,644875,tr,A0A934UDG8,A0A934UDG8,KDKKKK,1009,1014,KDKKKK,3,8,MVKDKKKKKDLAN,6,,,,,,,,,,,,,,,,,,,,,,,,,,,,,,,,,,,,,,,,,,,,,,,,,,,,,,,,,,,,,,,,,,,,,,,,,,,,,,,,,,,,,95.0,71.92,70.77,95.0,95.0,95.0,69.01,95.0,65.74,95.0,95.0,95.0,95.0,95.0,95.0,95.0,95.0,95.0,95.0,95.0,95.0,95.0,95.0,95.0,62.435,39674.0033485467,13807.4062710517,14820.1556726961,29808.1994365365,27710.5974594499,33559.3051154659,14478.1272134542,32933.0575365525,15370.1779818597,33062.6590823601,37603.0116517103,36046.1640169585,38336.3084547245,34810.068366286,31962.7471944259,28617.6997775774,38758.8022153368,37241.0356630117,31098.6551685668,29767.9119229303,33392.3308336693,31216.3088783058,33402.0872943294,32232.9384190927,Solute carrier family 4 member 4,Q9Y6R1,603345.0,gene,8671.0,SLC4A4,ENSG00000080493,bacteria
sp|Q9Y6R1|S4A4_HUMAN,sp,Q9Y6R1,S4A4,HUMAN,0644875|tr|A0A934PAW1|A0A934PAW1_9STRE,644875,tr,A0A934PAW1,A0A934PAW1,DITLMS,691,696,DITLMS,51,56,MDALQDITLMSSEIGV,6,,,,,,very_weak,,,,,,,,,very_weak,,,,,,,,,,,,,,,,,,,,,,,,,,,very_weak,,,very_weak,,,,,,,,weak,very_weak,,weak,very_weak,,,,,,very_weak,,weak,very_weak,,,,,,,,,,,weak,very_weak,,,,,weak,very_weak,23.595,11.095,25.200000000000003,33.995000000000005,11.835,41.18000000000001,23.415,38.235,41.115,49.61,58.585,29.66,17.86,14.275,38.03,6.945,7.785,35.745000000000005,14.57,6.52,25.545,39.735,39.565,9.055,25.695,1494.40760470656,279.754561190796,912.620071550404,1451.66508476737,261.62615211548,5030.52858243695,806.578375930009,747.866825874989,864.316876179509,1984.33492333753,7619.76002183093,1647.05503227059,1394.09472384709,573.657286464421,3061.4762715436,33.2426510130943,395.711949215553,2451.69105479529,701.754049627395,212.122590076587,1027.10978223905,1027.2209192525,679.03265585116,227.022164022709,Solute carrier family 4 member 4,Q9Y6R1,603345.0,gene,8671.0,SLC4A4,ENSG00000080493,bacteria
sp|Q9Y6R1|S4A4_HUMAN,sp,Q9Y6R1,S4A4,HUMAN,0644875|tr|A0A934UD35|A0A934UD35_9STRE,644875,tr,A0A934UD35,A0A934UD35,DAFKKM,599,604,DAFKKM,83,88,DEERTDAFKKMFVRYK,6,,,,,,,,,,,,,,,,,,,,,,,,,,,,,,,,,,,,very_weak,,weak,very_weak,,,,,,,,,very_weak,,,,,,,,,,,,,,,very_weak,,,,,,,,,very_weak,,,,,,,,,very_weak,,weak,very_weak,47.475,39.5,25.255,34.805,20.885,55.12,39.615,43.34,25.97,79.16,43.905,15.739999999999998,75.08500000000001,42.23,12.35,43.535,71.445,30.68,19.725,52.63,27.745,16.915,46.525000000000006,53.99,15.28,5330.02953528802,784.747582749775,628.108371648803,4040.55183387966,388.167970666235,4918.15454423499,3113.05008085039,745.193245917692,1250.69731202053,5115.27316276719,4698.03372973094,705.400452850529,8520.36420327724,1301.83877078452,757.755013857922,181.959327288501,3861.25517421694,1890.2384824174,1167.45076320954,1024.85629861374,1143.337005739,294.008269132497,769.5620569645,875.631053050112,Solute carrier family 4 member 4,Q9Y6R1,603345.0,gene,8671.0,SLC4A4,ENSG00000080493,bacteria
sp|Q9Y6R1|S4A4_HUMAN,sp,Q9Y6R1,S4A4,HUMAN,0644875|tr|A0A934PA53|A0A934PA53_9STRE,644875,tr,A0A934PA53,A0A934PA53,ITFGGLL,485,491,ITFGGLL,407,413,KEGDMITFGGLLGSAPV,7,,,very_weak,,,,,,,,,,strong,weak,very_weak,,,,,,,,,very_weak,,,,,weak,very_weak,,,,,,,,,,,,,,,,,,,,,,,,very_weak,,weak,very_weak,,,,,,,,,,,,,,,,,,,,,,,,,strong,weak,very_weak,17.869999999999997,23.23,33.095,49.23,2.0,63.255,55.625,15.795,35.61,2.655,53.58,38.365,29.26,29.75,49.175,16.66,9.705,43.23,25.805,26.775,44.85,39.565,41.325,23.045,35.03,2156.75961993588,1081.26532043491,1459.06603317348,6698.9194368423,91.0978408243539,6000.5731595845,7268.96504560887,402.75708118214,1846.0950168605,43.8183132326453,6859.0284840091,1774.43673073489,2178.66562826622,1770.12220691084,5029.33128245619,33.3763597763764,265.228782626921,2867.58451220655,2488.3841609682,888.495773801049,1759.10573636756,308.433743896114,360.60281222282,598.997347771175,Solute carrier family 4 member 4,Q9Y6R1,603345.0,gene,8671.0,SLC4A4,ENSG00000080493,bacteria
sp|Q9Y6R1|S4A4_HUMAN,sp,Q9Y6R1,S4A4,HUMAN,0644875|tr|A0A934PA10|A0A934PA10_9STRE,644875,tr,A0A934PA10,A0A934PA10,ALKKFK,709,714,ALKKFK,103,108,DLLKQALKKFKPQGFE,6,,,,,,,,,,,,,,weak,very_weak,,,,,,,,,very_weak,,,very_weak,,,,,,,,,,,,very_weak,,,,,,,,,very_weak,,,,,,,,,,,,,,weak,very_weak,,,,,,,,weak,very_weak,,,,,,,,,very_weak,,weak,very_weak,41.615,23.935,23.035,51.665,2.385,39.945,26.425,12.03,18.16,71.72,32.735,34.96,86.51,42.72,18.625,27.005000000000003,69.175,45.42,3.38,42.545,40.79,6.755,22.675,34.235,15.685,6252.02386714885,277.875154895434,1017.03547987994,4781.31391209285,105.970647343017,6475.36250164649,2309.12554414428,215.808070386807,644.688170954599,5455.53190641586,6062.96345364,1940.15496387603,12465.0131307453,1616.80921089082,1237.74678608899,340.579534608248,5371.94638936831,3060.97944444416,313.514282396462,2419.04372620218,1494.03576032029,240.350997006394,405.766394678648,1532.82597949842,Solute carrier family 4 member 4,Q9Y6R1,603345.0,gene,8671.0,SLC4A4,ENSG00000080493,bacteria
sp|Q9Y6R1|S4A4_HUMAN,sp,Q9Y6R1,S4A4,HUMAN,0644875|tr|A0A934PA53|A0A934PA53_9STRE,644875,tr,A0A934PA53,A0A934PA53,TFGGLLG,486,492,TFGGLLG,408,414,EGDMITFGGLLGSAPVM,7,,,very_weak,,,,,,,,,,strong,weak,very_weak,,,,,,,,,very_weak,,,,,weak,very_weak,,,,,,,,,,,,,,,,,,,,,,,,very_weak,,weak,very_weak,,,,,,,,,,,,,,,,,,,,,,,,,strong,weak,very_weak,17.869999999999997,23.23,33.095,45.05,1.92,63.255,55.625,18.14,42.615,2.655,53.58,35.09,29.26,33.285,54.61,16.66,9.705,44.975,48.165,26.775,43.755,39.565,41.325,23.045,35.03,2156.75961993588,1081.26532043491,1459.06603317348,7109.35652394431,105.627231324643,6000.5731595845,7268.96504560887,600.152080668408,2185.22869861919,43.8183132326453,6859.0284840091,1921.97757138302,2178.66562826622,1866.96544511713,5186.16011033956,33.3763597763764,265.228782626921,3348.87899882456,2503.72394751295,888.495773801049,1986.37562802823,308.433743896114,360.60281222282,598.997347771175,Solute carrier family 4 member 4,Q9Y6R1,603345.0,gene,8671.0,SLC4A4,ENSG00000080493,bacteria
sp|Q9Y6R1|S4A4_HUMAN,sp,Q9Y6R1,S4A4,HUMAN,0644875|tr|A0A934UDG4|A0A934UDG4_9STRE,644875,tr,A0A934UDG4,A0A934UDG4,GEEDDS,97,102,GEEDDS,268,273,LETPIGEEDDSHLGDF,6,,,,,,,,,,,,,,,,,,,,,,,,,,,,,,,,,,,,,,,,,,,,,,,,,,,,,,,,,,,,,,,,,,,,,,,,,,,,,,,,,,,,,36.225,57.25,95.0,47.02,57.44,95.0,46.56,95.0,82.675,95.0,95.0,89.78999999999999,45.435,83.345,87.0,65.94,95.0,86.005,72.3,51.34,87.16499999999999,95.0,95.0,61.54,95.0,9229.314609925,11259.5859976693,38087.8282198786,11048.3958172234,15663.9790653087,40657.8579064128,11661.9340194318,37358.8801291285,18067.3977388557,25645.4699743407,39706.6408235683,18448.2518762252,4693.25798051948,19825.4094682918,23547.5206749443,12808.3106997441,30270.3664577615,21860.1866109983,21307.4463209486,9672.09803023412,15561.441313835,29533.7180124024,35368.534171816,14342.7914061413,Solute carrier family 4 member 4,Q9Y6R1,603345.0,gene,8671.0,SLC4A4,ENSG00000080493,bacteria
sp|Q9Y6R1|S4A4_HUMAN,sp,Q9Y6R1,S4A4,HUMAN,0283361|tr|A0A416A7K4|A0A416A7K4_9BACT,283361,tr,A0A416A7K4,A0A416A7K4,FLFILL,323,328,FLFILL,8,13,GTTIFFLFILLITTGC,6,,,,,,,,,,,,,,,,,,,,,,,,,,,,,,,,,,,,,,,,,,,,,,,,,,,,,,,,,,,,,,,,,,,,,,,,,,,,,,,,,,,,,39.785,74.205,82.03,85.435,63.78,81.195,87.74000000000001,76.5,84.255,95.0,62.47,31.51,90.915,40.235,58.185,62.405,87.74000000000001,28.630000000000003,39.71,78.375,54.63,58.29,84.41,68.465,74.515,3249.19093369589,3558.33293840944,6659.02926347592,12806.0935623496,3072.75934059461,12915.3256766139,15846.5487454277,5152.99156115637,7373.44630375814,31065.3614283462,8837.72894874069,684.0692320908,13120.2576405583,720.885959444948,2868.17407874882,728.207931577057,7793.94689127422,1291.54088093732,3296.92785883448,4370.08031928839,1377.01971041871,2227.31262920693,5870.1490278519,2911.73047374991,Solute carrier family 4 member 4,Q9Y6R1,603345.0,gene,8671.0,SLC4A4,ENSG00000080493,bacteria
sp|Q9Y6R1|S4A4_HUMAN,sp,Q9Y6R1,S4A4,HUMAN,0283361|tr|A0A416AE51|A0A416AE51_9BACT,283361,tr,A0A416AE51,A0A416AE51,SSSILK,77,82,SSSILK,187,192,KKEDVSSSILKAINQA,6,,,,,,,,,,,,,,,,,,,,,,,,very_weak,,,,,weak,very_weak,,,very_weak,,weak,very_weak,,,,,,,,weak,very_weak,,,very_weak,,,,,,,strong,weak,very_weak,,,very_weak,,,,,,,,weak,very_weak,,weak,very_weak,,weak,very_weak,,,,,,,strong,weak,very_weak,38.185,20.95,28.340000000000003,37.295,37.72,32.715,32.685,14.87,28.29,7.26,11.51,6.130000000000001,20.345,7.645,13.825,37.68,0.575,10.795,21.135,25.14,7.19,5.08,8.725,35.735,31.815,6773.69906110782,923.426844331205,1038.26075266935,4186.65718356505,2049.51357502069,3821.97618515271,3483.81749246641,458.631328686423,843.164574830227,256.355353480652,2390.60456482155,373.828131885276,2183.00732158474,515.6761641216,2001.88874276656,340.365871943902,75.0132664376191,1303.93921886752,1900.67724886496,807.285572714017,523.218480727863,362.562842681613,314.241044631484,1389.98292329512,Solute carrier family 4 member 4,Q9Y6R1,603345.0,gene,8671.0,SLC4A4,ENSG00000080493,bacteria
sp|Q9Y6R1|S4A4_HUMAN,sp,Q9Y6R1,S4A4,HUMAN,0283361|tr|A0A416AAF2|A0A416AAF2_9BACT,283361,tr,A0A416AAF2,A0A416AAF2,ILVATD,567,572,ILVATD,4,9,MAKILVATDKPFAA,6,,,very_weak,,,very_weak,,weak,very_weak,,weak,very_weak,,weak,very_weak,,,very_weak,,weak,very_weak,,,very_weak,,weak,very_weak,,,very_weak,,,,,,,,,very_weak,,,very_weak,,,,,,very_weak,,weak,very_weak,,,,,,,,,,,weak,very_weak,,,very_weak,,,very_weak,,,very_weak,,,very_weak,,,very_weak,,weak,very_weak,,weak,very_weak,14.88,15.510000000000002,4.53,4.404999999999999,8.21,16.88,4.68,10.905,5.615,15.725,25.01,34.655,11.43,23.130000000000003,16.064999999999998,30.8,31.800000000000004,25.335,3.01,14.93,18.32,15.26,11.335,17.26,7.095,2266.94247974012,691.301431371833,454.555657450639,440.35232065917,439.890405191756,3211.33969964726,498.763693208101,528.710069089207,234.319292534096,900.486881347671,4998.67988567594,2461.73870047701,1759.20090461202,1650.2301859443,2507.57364690677,671.391035398034,1673.85939227202,3205.50767651789,485.936713736517,773.636130685814,1089.21465684544,1071.44786135709,532.349350388285,806.569648978024,Solute carrier family 4 member 4,Q9Y6R1,603345.0,gene,8671.0,SLC4A4,ENSG00000080493,bacteria
sp|Q9Y6R1|S4A4_HUMAN,sp,Q9Y6R1,S4A4,HUMAN,0283361|tr|A0A3R6N3Y9|A0A3R6N3Y9_9BACT,283361,tr,A0A3R6N3Y9,A0A3R6N3Y9,KKEKER,54,59,KKEKER,521,526,NAEADKKEKERIDKLN,6,,,,,,,,,,,,,,,,,,,,,,,,,,,,,,,,,,,,,,,,,,,,,,,,,,,,,,,,,,,,,,,,,,,,,,,,,,,,,,,,,,,,,87.6,57.69,81.295,60.19,86.92,95.0,31.585,93.43,59.455,95.0,70.5,82.19,90.505,80.36,64.605,89.03,95.0,81.555,76.59,95.0,68.36,79.58,95.0,80.985,65.66,22903.4932817661,6495.00960368199,16022.7493257537,12148.3861964074,16628.5547754922,37278.9312671825,5668.17512809558,18735.5026271853,12406.0804028597,28676.2810792186,21508.7319842542,16392.2197716532,17762.8857897225,13476.0593850067,13959.4228049686,11364.968477046,35208.9352365468,18950.1810707044,17218.4711281903,32874.3158040596,8562.96924635059,15402.6410900728,36315.8860587714,17108.9041961941,Solute carrier family 4 member 4,Q9Y6R1,603345.0,gene,8671.0,SLC4A4,ENSG00000080493,bacteria
sp|Q9Y6R1|S4A4_HUMAN,sp,Q9Y6R1,S4A4,HUMAN,0283361|tr|A0A416AG83|A0A416AG83_9BACT,283361,tr,A0A416AG83,A0A416AG83,RLKLLL,925,930,RLKLLL,135,140,RHSISRLKLLLAMIGG,6,,,,,weak,very_weak,,,very_weak,,,,,,very_weak,,,,,,,,,,,,,,,,,,,,,very_weak,,,,,,,,weak,very_weak,,,very_weak,,,,,,very_weak,,,very_weak,,,very_weak,,weak,very_weak,,,,,,,,,,,,,,,,,,very_weak,,weak,very_weak,42.260000000000005,2.455,14.05,55.32,16.175,40.7,34.19,44.255,39.345,56.870000000000005,24.755,15.454999999999998,79.62,8.940000000000001,16.945,14.655,18.025,18.415,4.21,20.49,23.735,36.255,47.815,22.905,12.765,3376.78621281793,41.3440282474298,196.946055997365,4231.28610260754,115.157564909966,3100.57891625561,1947.81113545311,306.988800950678,556.201628288068,2541.71826328689,1495.87972277563,316.171359649826,9776.15257543662,171.998865223109,504.025875895975,36.6703713760828,523.609243023331,544.831140425576,144.385785793373,335.198189216516,430.212878570022,399.532258334327,498.326767178776,280.154395113431,Solute carrier family 4 member 4,Q9Y6R1,603345.0,gene,8671.0,SLC4A4,ENSG00000080493,bacteria
sp|Q9Y6R1|S4A4_HUMAN,sp,Q9Y6R1,S4A4,HUMAN,0283361|tr|A0A3R6IQS4|A0A3R6IQS4_9BACT,283361,tr,A0A3R6IQS4,A0A3R6IQS4,SLFELR,157,162,SLFELR,51,56,KSIKDSLFELRIEWQS,6,,,very_weak,,,,,,,,,,,,,,,,,,,,,,,,,,,,,,,,weak,very_weak,,,,,,,,,very_weak,,weak,very_weak,,,,,,,,,,,weak,very_weak,,,,,,,,weak,very_weak,,,very_weak,,,,,,,,,,,weak,very_weak,14.88,29.095,39.385,44.525,50.065,65.205,32.62,63.485,54.86,80.27,29.58,6.545,34.97,15.545000000000002,6.245,58.05,40.755,5.845,32.575,48.3,8.285,17.705,64.845,40.41,41.605,518.91683588324,488.424708725254,1862.18414198807,1864.3816152648,1403.49330059737,7544.6958419394,1579.20501651642,2274.5834787936,2364.62232059003,6156.23510511911,3949.82218155014,153.955082883852,1735.06142738845,198.3918338426,472.405995326273,772.832973022386,1249.7233681642,241.840504334748,1262.93584435919,1778.43462219994,208.836452677742,445.373948465058,1973.88514411343,1020.15441237153,Solute carrier family 4 member 4,Q9Y6R1,603345.0,gene,8671.0,SLC4A4,ENSG00000080493,bacteria
sp|Q9Y6R1|S4A4_HUMAN,sp,Q9Y6R1,S4A4,HUMAN,0283361|tr|A0A416AD37|A0A416AD37_9BACT,283361,tr,A0A416AD37,A0A416AD37,ERLLFN,536,541,ERLLFN,308,313,APLKKERLLFNDVHSL,6,,,very_weak,,,,,,,,,very_weak,,,,,weak,very_weak,,,,,,,,,very_weak,,,,,,,,weak,very_weak,,,,,,,,,very_weak,,weak,very_weak,,,,,,,,,,,,very_weak,,,,,,,,,very_weak,,,,,,,,,,,,,,weak,very_weak,12.855,21.615,44.33,14.22,30.520000000000003,4.680000000000001,21.81,21.815,10.195,80.45,25.515,8.82,50.26,10.47,6.7250000000000005,42.73,58.85,12.115,29.715000000000003,39.57,10.955,37.11,39.84,34.475,43.215,446.604451270728,255.422315940381,1457.56706044349,558.30587313648,451.619186764307,78.9564657331869,1261.48821795942,298.537705058678,25.6615089915697,5370.02866387987,2824.87187486933,166.519946763214,2881.36230190082,170.527568424776,553.973433471373,229.46451809671,2013.05299430276,378.38579735576,880.51432409326,711.748370122853,213.793095075005,739.714637219993,653.077874751084,545.243943381048,Solute carrier family 4 member 4,Q9Y6R1,603345.0,gene,8671.0,SLC4A4,ENSG00000080493,bacteria
sp|Q9Y6R1|S4A4_HUMAN,sp,Q9Y6R1,S4A4,HUMAN,0283361|tr|A0A415ZTN3|A0A415ZTN3_9BACT,283361,tr,A0A415ZTN3,A0A415ZTN3,FILTGL,884,889,FILTGL,537,542,AAGTYFILTGLQAKLS,6,,weak,very_weak,,,,,weak,very_weak,,,,,weak,very_weak,,weak,very_weak,,,,,weak,very_weak,,,very_weak,,,,,,,,,,,weak,very_weak,,,,,weak,very_weak,,,very_weak,,,,strong,weak,very_weak,,,,,,very_weak,,,very_weak,,weak,very_weak,,,,,,very_weak,,,very_weak,,weak,very_weak,,weak,very_weak,strong,weak,very_weak,9.82,32.975,4.29,20.34,7.31,9.51,38.38,9.27,17.4,32.535,24.18,23.175,40.52,6.585,13.93,0.365,25.945,11.615,14.825,3.985,22.325000000000003,18.855,14.625,4.76,4.05,925.617527696905,295.88472114502,188.53485146684,1927.62138721719,121.789442540042,852.401517818865,1887.03025018759,118.125715007473,301.723321192611,563.299607699335,1039.05865543758,261.004130592983,2729.68427393704,134.324154942318,423.956210521876,8.41334601551608,262.968522729391,381.964438051013,300.170128288911,133.3726848299,253.333323170064,80.0246569078541,91.5137495669086,118.244637576009,Solute carrier family 4 member 4,Q9Y6R1,603345.0,gene,8671.0,SLC4A4,ENSG00000080493,bacteria
sp|Q9Y6R1|S4A4_HUMAN,sp,Q9Y6R1,S4A4,HUMAN,0283361|tr|A0A416A371|A0A416A371_9BACT,283361,tr,A0A416A371,A0A416A371,QLVEMIV,181,187,QLVEMIV,378,384,RAIASQLVEMIVPLGMP,7,,,very_weak,,weak,very_weak,,weak,very_weak,,,,,,,,,very_weak,,,,,,,,,,,,,,,,,,very_weak,,,,,,very_weak,,weak,very_weak,,,,,weak,very_weak,,weak,very_weak,,,,,,very_weak,,weak,very_weak,,weak,very_weak,,,very_weak,,,,,,,,,very_weak,,,very_weak,,weak,very_weak,13.295,2.645,7.859999999999999,27.94,32.495000000000005,19.335,26.97,31.945,37.405,32.84,22.205,19.09,12.88,9.76,29.97,7.955,30.655,10.155,5.404999999999999,4.145,14.225,33.480000000000004,34.07,18.305,12.25,429.622123933372,34.6990566898032,310.899717535619,1167.19815937338,369.225476644584,2747.84914351512,1191.26080126074,308.196894766585,250.170914407768,935.859002516805,1375.93250933368,195.109304188206,978.415195814453,72.4111321961168,802.27873927863,47.7424157950079,414.777304840023,250.995134505674,330.59507557123,180.562955975139,154.173452146598,692.311932505593,334.466381667455,206.120199395771,Solute carrier family 4 member 4,Q9Y6R1,603345.0,gene,8671.0,SLC4A4,ENSG00000080493,bacteria
sp|Q9Y6R1|S4A4_HUMAN,sp,Q9Y6R1,S4A4,HUMAN,0283361|tr|A0A416A8N2|A0A416A8N2_9BACT,283361,tr,A0A416A8N2,A0A416A8N2,AFVRLQ,301,306,AFVRLQ,1034,1039,GLQNRAFVRLQDVTLS,6,,weak,very_weak,,weak,very_weak,,,very_weak,,,very_weak,,weak,very_weak,,,very_weak,,,,,weak,very_weak,,,,,,,,weak,very_weak,,weak,very_weak,,,very_weak,,,,,,very_weak,,weak,very_weak,,,,strong,weak,very_weak,,weak,very_weak,,,very_weak,,weak,very_weak,,weak,very_weak,,weak,very_weak,,,very_weak,,,very_weak,,weak,very_weak,,,very_weak,strong,weak,very_weak,5.285,2.25,18.855,13.345,8.29,14.27,38.305,8.05,23.68,48.495000000000005,4.41,4.995,28.12,16.08,2.695,1.245,8.185,12.845,9.285,5.755,8.255,18.965,16.315,3.41,14.665,623.301702548369,37.5834000767201,539.83756095203,1186.48850105933,197.012125369469,1625.31586693929,1991.86369214116,223.06792726528,314.054099247767,1386.03320786485,616.260588968445,116.581731897092,1674.65645663644,169.299504673066,319.203039708746,13.2490433654452,203.184100044751,348.647952269416,456.779182463858,125.46902093062,180.602033226059,187.351356796486,316.506786044227,77.5308659407897,Solute carrier family 4 member 4,Q9Y6R1,603345.0,gene,8671.0,SLC4A4,ENSG00000080493,bacteria
sp|Q9Y6R1|S4A4_HUMAN,sp,Q9Y6R1,S4A4,HUMAN,0283361|tr|A0A416AA27|A0A416AA27_9BACT,283361,tr,A0A416AA27,A0A416AA27,GVLESF,500,505,GVLESF,32,37,ENPETGVLESFNFQHL,6,,,,,,,,,,,,,,,,,,,,,,,,,,,,,,,,,,,weak,very_weak,,,,,,very_weak,,weak,very_weak,,,very_weak,,,very_weak,,,,,,,,weak,very_weak,,,very_weak,,,,,weak,very_weak,,,,,,,,,,,,,,weak,very_weak,20.8,52.805,60.365,45.575,22.18,67.725,55.18000000000001,37.395,54.94,21.04,44.875,2.5,11.035,4.395,10.52,53.76,48.81,2.195,11.925,43.13,3.64,30.6,38.565,33.46,62.735,823.776817620932,1306.5518744682,2708.41407723628,3702.03151915574,365.952238035848,7349.55138913021,5023.7295307484,721.049774406119,1590.69466613609,1005.74241689977,4350.21931895719,43.7415755870177,1052.19338856303,84.5234303150377,467.585222221039,779.880531276972,2368.74504537529,46.3362770266483,1053.84543652724,1040.49867756087,79.4251487211843,823.277836183257,638.102401521146,694.668000250474,Solute carrier family 4 member 4,Q9Y6R1,603345.0,gene,8671.0,SLC4A4,ENSG00000080493,bacteria
sp|Q9Y6R1|S4A4_HUMAN,sp,Q9Y6R1,S4A4,HUMAN,0283361|tr|A0A3R6J3J8|A0A3R6J3J8_9BACT,283361,tr,A0A3R6J3J8,A0A3R6J3J8,AVSGAI,509,514,AVSGAI,209,214,GIEGIAVSGAIINADD,6,,,,,,very_weak,,,very_weak,,,,,,,,weak,very_weak,,,,,weak,very_weak,,weak,very_weak,strong,weak,very_weak,,weak,very_weak,,,,,,,strong,weak,very_weak,,,,,,,,weak,very_weak,,weak,very_weak,strong,weak,very_weak,,,,,,,,,very_weak,,,,,,very_weak,,weak,very_weak,,,very_weak,,,,strong,weak,very_weak,20.02,18.115,14.115,27.47,25.205,4.455,21.72,6.1,5.535,0.44,7.38,40.115,0.185,33.33,44.17,8.64,0.625,38.27,23.725,13.725,37.69,15.205,4.985,18.245,28.73,2390.32005782763,882.574556079679,616.367283050438,3837.55655952326,1158.76744154084,710.325117512825,2642.76044792402,190.204726035538,89.8429500916843,34.4924336067738,2057.24511991342,3536.87618303289,261.241454997383,3022.93218017677,7250.97681265235,76.5878890641917,55.3809195248572,5894.71658697891,2058.31382633696,658.584297230383,3021.91841906596,341.014641723348,177.879246633331,786.039245414817,Solute carrier family 4 member 4,Q9Y6R1,603345.0,gene,8671.0,SLC4A4,ENSG00000080493,bacteria
sp|Q9Y6R1|S4A4_HUMAN,sp,Q9Y6R1,S4A4,HUMAN,0283361|tr|A0A3R6LNT4|A0A3R6LNT4_9BACT,283361,tr,A0A3R6LNT4,A0A3R6LNT4,KTVSSA,229,234,KTVSSA,53,58,YLPQQKTVSSAIFIHD,6,,,,,,,,,,,,,,,,,,,,,,,weak,very_weak,,,,,,,,weak,very_weak,,weak,very_weak,,,,,,very_weak,,,very_weak,,,very_weak,,,very_weak,,,,,,very_weak,,weak,very_weak,,,,,,,,weak,very_weak,,,,,,very_weak,,,,,,,,weak,very_weak,41.82,46.225,47.775,33.724999999999994,47.620000000000005,37.99,61.44,4.015,28.895,22.22,4.984999999999999,9.7,18.355,13.56,17.985,33.675,11.155,5.6,34.265,46.655,7.265,34.35,18.85,40.355,43.195,4953.66902934344,595.746250295029,1083.38492348855,3076.18564664441,1157.66465722849,2302.01600686405,5026.7743689228,45.5710905641308,278.850985747996,484.823352903706,963.674870647837,296.708627745379,1803.95810802022,487.268741111434,1945.2837903719,132.36062793776,325.871777918794,325.339807681706,1702.6283141518,1007.04909418917,339.178441365547,385.197472143055,167.604488647439,992.67186282678,Solute carrier family 4 member 4,Q9Y6R1,603345.0,gene,8671.0,SLC4A4,ENSG00000080493,bacteria
sp|Q9Y6R1|S4A4_HUMAN,sp,Q9Y6R1,S4A4,HUMAN,0283361|tr|A0A415ZPF5|A0A415ZPF5_9BACT,283361,tr,A0A415ZPF5,A0A415ZPF5,LVGVDT,745,750,LVGVDT,309,314,TYQRYLVGVDTWEITP,6,,weak,very_weak,,,,,,,,,very_weak,,,very_weak,,,,,,,,weak,very_weak,,,,,,,,,,,,,,,,,weak,very_weak,,,,,,,,,very_weak,,,very_weak,,,,,,very_weak,,,very_weak,,weak,very_weak,,,,,,,,weak,very_weak,,weak,very_weak,,,,,weak,very_weak,4.705,37.015,35.230000000000004,11.15,12.285,29.05,22.19,3.475,29.97,29.085,30.84,24.68,5.305,27.21,40.06,13.655,25.135,15.315,16.995,7.21,26.54,25.785,9.715,3.45,43.005,712.850459712031,786.915725061746,963.341272452468,723.887323433066,356.448270995253,3264.83753993327,1812.23332496275,85.1964422423814,661.927599237051,1628.51959172356,4209.82337958823,1036.65556836908,732.768363085949,824.46341094377,2838.38302253478,49.5512655222212,1122.3048191049,1231.12207379661,1171.38579475815,229.993954795387,837.663273616319,547.478489998363,183.209829507838,63.8016760918265,Solute carrier family 4 member 4,Q9Y6R1,603345.0,gene,8671.0,SLC4A4,ENSG00000080493,bacteria
sp|Q9Y6R1|S4A4_HUMAN,sp,Q9Y6R1,S4A4,HUMAN,0283361|tr|A0A3R6NCP4|A0A3R6NCP4_9BACT,283361,tr,A0A3R6NCP4,A0A3R6NCP4,LVTILIF,790,796,LVTILIF,85,91,QRAFLLVTILIFLFATC,7,,,,,,,,,,,,,,,,,,,,,,,,,,,,,,,,,,,,,,,,,,,,,,,,,,,,,,,,,,,,,,,,,,,,,,,,,,,,,,,,,,,,,48.595,72.06,74.52,51.285,66.0,63.24,73.815,47.935,67.39,91.4,56.39,46.03,81.535,42.69,55.775,69.475,78.02,30.205,44.62,76.255,50.44,54.7,66.575,58.010000000000005,63.72,1833.89126277555,2445.33289276417,4348.14880187721,4925.7699419636,1832.68128200852,7651.98116047403,8955.74284856472,969.510594957141,2573.70886734036,8964.56501383462,4655.57893689481,790.807818283198,8017.44244187431,594.735112103334,2159.72528598201,854.063238621961,4055.75044996901,1029.17890019054,2296.79141106515,4246.09942176714,1157.52688300333,1605.32198503388,2525.3258565879,2371.1810802746,Solute carrier family 4 member 4,Q9Y6R1,603345.0,gene,8671.0,SLC4A4,ENSG00000080493,bacteria
sp|Q9Y6R1|S4A4_HUMAN,sp,Q9Y6R1,S4A4,HUMAN,0283361|tr|A0A3R6LNK5|A0A3R6LNK5_9BACT,283361,tr,A0A3R6LNK5,A0A3R6LNK5,ILALVA,980,985,ILALVA,7,12,KKIFLILALVAGVTAA,6,,,,,,,,,,,,,,,,,,,,,,,,,,,,,,,,,,,,,,,,,,,,,,,,,,,,,,very_weak,,,,,,,,,,,,,,,,,,,,,,,,,,,,,,very_weak,55.08,40.925,27.025,60.38,31.540000000000003,41.315,57.82,50.025,49.525,34.410000000000004,49.18,49.51,58.675,47.885000000000005,59.56,13.329999999999998,53.34,52.675,32.215,31.125,67.71000000000001,50.735,45.870000000000005,34.285,22.950000000000003,4108.57475357772,910.430597155028,975.39221212281,6679.95635200659,500.531478248038,3404.5944372478,6495.64210555218,943.87223441092,869.814392103387,610.64536645046,3917.13676900413,2230.61664433675,7142.58718242906,1596.91997392237,4879.35622375032,73.7505720352882,1490.64493552433,3406.21564922879,1263.33218242503,1595.26211635333,3107.90091976962,1345.53115745403,918.49438424227,1242.6042494163,Solute carrier family 4 member 4,Q9Y6R1,603345.0,gene,8671.0,SLC4A4,ENSG00000080493,bacteria
sp|Q9Y6R1|S4A4_HUMAN,sp,Q9Y6R1,S4A4,HUMAN,0283361|tr|A0A415ZNF9|A0A415ZNF9_9BACT,283361,tr,A0A415ZNF9,A0A415ZNF9,EDDSPA,99,104,EDDSPA,61,66,KWADEEDDSPALNYFD,6,,,,,,,,,,,,,,,,,,,,,,,,,,,,,,,,,,,,,,,,,,,,,,,,,,,,,,,,,,,,,,,,,,,,,,,,,,,,,,,,,,,,,66.185,91.43,95.0,35.33,90.815,74.315,68.33,74.285,89.64500000000001,60.78,69.62,77.65,25.235,86.255,80.87,89.025,75.75999999999999,78.55,90.55,80.02000000000001,79.63499999999999,82.14500000000001,80.61500000000001,71.875,95.0,8717.11922271693,15757.9828847833,37966.4519816443,5564.20756518192,19316.8025191191,21405.4206241689,13100.8237634457,13302.796515253,14523.4699545147,7158.52486657485,23375.6655109482,13069.6762872572,2225.40961935688,16042.8720120909,18494.2184263676,11804.7534560476,9159.77636381444,17936.3140099849,21899.0107154753,11719.1068607943,12475.6723112226,10748.1977246879,12221.1597512789,9627.61973287643,Solute carrier family 4 member 4,Q9Y6R1,603345.0,gene,8671.0,SLC4A4,ENSG00000080493,bacteria
sp|Q9Y6R1|S4A4_HUMAN,sp,Q9Y6R1,S4A4,HUMAN,0283361|tr|A0A3R6KZ33|A0A3R6KZ33_9BACT,283361,tr,A0A3R6KZ33,A0A3R6KZ33,TELDELL,110,116,TELDELL,305,311,GKKSLTELDELLESLNL,7,,,,,,,,,,,,,,,,,,,,,,,,,,,,,,,,,,,,,,,,,,very_weak,,,,,,,,weak,very_weak,,,,,,,,,,,,,,,,,,very_weak,,,,,,,,,,,,,,weak,very_weak,21.495,57.205,73.97999999999999,33.145,62.235,84.88,24.135,66.28999999999999,73.77,55.635,59.15,47.03,14.895,27.515,38.64,60.39,63.115,29.555,33.96,52.41,17.455000000000002,74.99,65.755,38.96,69.94999999999999,1245.60603798528,2297.08963971133,7155.891926733,2107.21260865447,3730.25730018418,16447.1157844613,1667.00945815561,2547.55513056119,4748.73034184464,5970.13592689493,7968.66613880469,1083.30287270311,1414.42363706033,464.127480864235,1940.4068847886,648.634315147885,3191.62996828823,1114.28275847111,2248.13451768847,3145.72398328689,364.592694124207,5020.30629229934,2912.48667460436,1475.40138702942,Solute carrier family 4 member 4,Q9Y6R1,603345.0,gene,8671.0,SLC4A4,ENSG00000080493,bacteria
sp|Q9Y6R1|S4A4_HUMAN,sp,Q9Y6R1,S4A4,HUMAN,0283361|tr|A0A3R6IMC7|A0A3R6IMC7_9BACT,283361,tr,A0A3R6IMC7,A0A3R6IMC7,DELLAV,113,118,DELLAV,208,213,DTRRMDELLAVLNPKL,6,,,very_weak,,,,,,,,,,,,very_weak,,,,,,,,,very_weak,,,,,,,,weak,very_weak,,,very_weak,,,,,,,,,,,weak,very_weak,,,,,weak,very_weak,,,,,,,,,very_weak,,,,,weak,very_weak,,,,,,,,,very_weak,,,,,weak,very_weak,17.939999999999998,28.015,29.765,29.41,16.195,30.03,31.91,14.345,35.185,60.505,4.105,19.74,36.45,20.11,7.0,5.775,43.765,22.815,19.425,23.905,5.285,41.285,35.21,19.79,32.785,1125.13772830768,379.67351540656,731.350554463871,978.404609636234,116.978481462236,1956.91562281663,1075.32687078249,100.302121916646,229.010623401737,3068.40712442212,636.798854901616,468.856799368259,2088.8482446518,275.093086267527,563.220381172135,32.4765112836688,1052.75137692371,728.72024985267,451.311447234342,355.477708558573,248.667764250392,736.823019293643,342.045624148543,182.730742882671,Solute carrier family 4 member 4,Q9Y6R1,603345.0,gene,8671.0,SLC4A4,ENSG00000080493,bacteria
sp|Q9Y6R1|S4A4_HUMAN,sp,Q9Y6R1,S4A4,HUMAN,0283361|tr|A0A416A268|A0A416A268_9BACT,283361,tr,A0A416A268,A0A416A268,ILSILI,733,738,ILSILI,4,9,MKQILSILICVLFP,6,,,,,,,,,,,,,,,,,,,,,,,,,,,,,,,,,,,,,,,,,,,,,,,,,,,,,,,,,,,,,,,,,,,,,,,,,,,,,,,,,,,,,58.395,75.48,81.63499999999999,78.10499999999999,72.83,79.955,85.1,72.44,73.58500000000001,93.51,69.245,60.115,82.11500000000001,49.74,71.42,75.885,79.88499999999999,50.92,44.225,86.86,63.120000000000005,80.11500000000001,83.62,79.9,83.05,4406.06843539536,3140.86059349009,6478.72635043302,8788.33516066344,3347.86459689925,12176.6793038112,12457.0584180033,2736.81139557068,3297.85546204211,10744.9420106208,8661.74297428893,1847.05403413261,9674.92399181203,1114.19836762022,6192.57730435587,1662.47040749012,4561.4407630105,2519.0492724719,3259.75472675751,7898.36455850104,2241.96462317002,6189.89779169466,5352.85782890235,4618.50221051284,Solute carrier family 4 member 4,Q9Y6R1,603345.0,gene,8671.0,SLC4A4,ENSG00000080493,bacteria
sp|Q9Y6R1|S4A4_HUMAN,sp,Q9Y6R1,S4A4,HUMAN,0283361|tr|A0A416AFE7|A0A416AFE7_9BACT,283361,tr,A0A416AFE7,A0A416AFE7,QGVLES,499,504,QGVLES,631,636,NIKKAQGVLESIMPDR,6,,,,,,,,,,,,,,,,,,,,,,,,very_weak,,,,,,,,weak,very_weak,,,,,,,,,very_weak,,,,,,,,weak,very_weak,,,very_weak,,,,,,,,,,,,,,,,,,,,weak,very_weak,,,very_weak,,,,,weak,very_weak,38.295,20.395,28.97,60.355,24.615,36.58,38.93,11.704999999999998,32.91,26.465,6.324999999999999,37.5,10.955,39.96,25.895,15.665,22.325,40.685,31.35,24.465,29.16,20.85,4.890000000000001,17.14,37.835,4063.12938423407,517.688701749501,951.614241997489,6007.58914408752,698.814209366304,4552.86128426347,3861.00451480396,234.26859236408,844.899699931515,1119.44270573979,1569.63145680386,2061.92481096374,1065.17141115287,1615.37537863893,2713.13620378805,77.3624369320939,1079.24327764819,3119.79387718952,1757.33654516546,761.626477317768,1021.89988334967,857.229438064538,100.587948285289,460.78504104241,Solute carrier family 4 member 4,Q9Y6R1,603345.0,gene,8671.0,SLC4A4,ENSG00000080493,bacteria
sp|Q9Y6R1|S4A4_HUMAN,sp,Q9Y6R1,S4A4,HUMAN,0283361|tr|A0A415ZSR6|A0A415ZSR6_9BACT,283361,tr,A0A415ZSR6,A0A415ZSR6,KGSIML,167,172,KGSIML,419,424,VHFVAKGSIMLHPGWR,6,,,,,,,,weak,very_weak,,,very_weak,,weak,very_weak,,,very_weak,,,,,weak,very_weak,,weak,very_weak,,weak,very_weak,,,,,,very_weak,,weak,very_weak,,,,,,,,,,,,,,weak,very_weak,,weak,very_weak,,,,,,,,,,,,,,weak,very_weak,,,very_weak,,,,,weak,very_weak,,weak,very_weak,65.46000000000001,34.92,3.905,18.8,9.73,10.26,38.675,4.195,4.73,7.945,26.455,13.36,48.645,27.48,26.61,3.12,8.725,25.04,23.485,21.545,36.3,9.14,10.35,27.675,8.445,6672.66049886358,398.491808485894,135.291195406094,1632.38299552453,131.093583276562,641.0087332844,2456.44394476706,36.3338806951458,101.705303051472,98.7685748822923,1744.71874299948,770.345145258808,4406.68822386967,911.31758810039,1725.1962195035,9.68652794778233,182.028246922575,1901.62347001265,885.903963059307,300.823641274705,1169.19522029692,158.917385671159,79.5197348720147,395.99034561124,Solute carrier family 4 member 4,Q9Y6R1,603345.0,gene,8671.0,SLC4A4,ENSG00000080493,bacteria
sp|Q9Y6R1|S4A4_HUMAN,sp,Q9Y6R1,S4A4,HUMAN,0283361|tr|A0A416A371|A0A416A371_9BACT,283361,tr,A0A416A371,A0A416A371,QLVEMI,181,186,QLVEMI,378,383,RAIASQLVEMIVPLGM,6,,,very_weak,,weak,very_weak,,weak,very_weak,,,,,,,,,very_weak,,,,,,,,,,,,,,,,,,very_weak,,,,,,very_weak,,weak,very_weak,,,,,weak,very_weak,,weak,very_weak,,,,,,very_weak,,weak,very_weak,,weak,very_weak,,,very_weak,,,,,,,,,very_weak,,,very_weak,,weak,very_weak,13.295,2.645,7.859999999999999,27.94,32.495000000000005,19.335,26.97,31.945,37.405,32.84,22.205,19.09,12.88,9.76,29.97,7.955,30.655,10.155,5.404999999999999,4.145,14.225,33.480000000000004,34.07,18.305,12.25,429.622123933372,34.6990566898032,310.899717535619,1167.19815937338,369.225476644584,2747.84914351512,1191.26080126074,308.196894766585,250.170914407768,935.859002516805,1375.93250933368,195.109304188206,978.415195814453,72.4111321961168,802.27873927863,47.7424157950079,414.777304840023,250.995134505674,330.59507557123,180.562955975139,154.173452146598,692.311932505593,334.466381667455,206.120199395771,Solute carrier family 4 member 4,Q9Y6R1,603345.0,gene,8671.0,SLC4A4,ENSG00000080493,bacteria
sp|Q9Y6R1|S4A4_HUMAN,sp,Q9Y6R1,S4A4,HUMAN,0283361|tr|A0A3R6NCP4|A0A3R6NCP4_9BACT,283361,tr,A0A3R6NCP4,A0A3R6NCP4,LLVTILI,789,795,LLVTILI,84,90,VQRAFLLVTILIFLFAT,7,,,,,,,,,,,,,,,,,,,,,,,,,,,,,,,,,,,,,,,,,,,,,,,,,,,,,,,,,,,,,,,,,,,,,,,,,,,,,,,,,,,,,39.755,70.21000000000001,75.05000000000001,52.55,63.915,63.24,73.815,50.225,67.39,87.7,51.545,46.485,80.64,40.705000000000005,52.865,65.38499999999999,74.11,34.485,44.62,76.255,49.41,54.43,66.985,59.425,63.72,1363.11508148753,2128.98390280636,4190.5546850114,4721.1680875008,1523.8468156221,7651.98116047403,8955.74284856472,939.846909399446,2573.70886734036,6940.24953604865,3772.87752578858,783.848074415268,7698.90233087679,530.480669723457,2012.72630900735,736.026224258296,3171.04605966683,976.162923959443,2296.79141106515,4246.09942176714,1024.6899813416,1569.25787385284,2289.32349532148,2362.37193944685,Solute carrier family 4 member 4,Q9Y6R1,603345.0,gene,8671.0,SLC4A4,ENSG00000080493,bacteria
sp|Q9Y6R1|S4A4_HUMAN,sp,Q9Y6R1,S4A4,HUMAN,0283361|tr|A0A416AE27|A0A416AE27_9BACT,283361,tr,A0A416AE27,A0A416AE27,LRSLAD,221,226,LRSLAD,37,42,EVLSLLRSLADMLDVK,6,,weak,very_weak,,weak,very_weak,,,,,,very_weak,,,,,,,,,,,weak,very_weak,,,,,,,,,,,,,,,,,weak,very_weak,,,,,,,,,,,,very_weak,,,,,,,,,very_weak,,,very_weak,,,,,,,,,very_weak,strong,weak,very_weak,,,,strong,weak,very_weak,5.119999999999999,6.205,29.705,16.605,21.67,22.94,20.09,9.175,33.545,49.535,20.925,35.480000000000004,5.495,22.075000000000003,24.78,12.555,40.005,23.935,15.535,11.5,22.78,35.545,11.11,1.68,26.565,192.961618767101,48.5293567082552,361.618667469609,706.630320261139,143.016006936021,850.678598650747,413.057565281756,55.6175119149206,145.032427262532,2240.46115877915,836.549225386272,484.482503497934,870.426335190166,200.604299134721,771.913713215112,26.5012479619402,820.050688604694,625.700421474672,217.757201040956,193.249950638611,285.673320673422,455.62908864238,98.7482725416465,29.8643008810446,Solute carrier family 4 member 4,Q9Y6R1,603345.0,gene,8671.0,SLC4A4,ENSG00000080493,bacteria
sp|Q9Y6R1|S4A4_HUMAN,sp,Q9Y6R1,S4A4,HUMAN,0283361|tr|A0A416A1H3|A0A416A1H3_9BACT,283361,tr,A0A416A1H3,A0A416A1H3,ARKLIS,723,728,ARKLIS,156,161,MTAPAARKLISRAIKR,6,,,,,,,,,very_weak,,,,,,very_weak,,,,,,,,,very_weak,,,,,,,,,,,,,,,very_weak,,,,,,,,,very_weak,,,,,weak,very_weak,,,,,,,,weak,very_weak,,,,,,,,,very_weak,,,,,,,,,,,weak,very_weak,72.71000000000001,23.455,18.275,62.1,13.645,37.595,38.425,11.555,27.3,50.09,21.185,45.760000000000005,84.945,47.285,14.425,9.99,31.115,50.005,5.715,40.010000000000005,45.3,12.495,26.61,45.44,21.8,13273.1792724457,263.949116306256,361.536511493596,5828.69461344512,194.54015529035,2290.66146467238,1209.8618331553,119.393953614967,488.4299934009,726.555209750319,1071.00742443094,3072.1609605194,10788.9774815592,2121.28110130301,1022.04363095116,33.9316436545235,1515.80562901256,4044.18204730112,338.818988087885,1013.75057085053,1764.57673592539,131.028352949539,263.572410416969,1265.93195884641,Solute carrier family 4 member 4,Q9Y6R1,603345.0,gene,8671.0,SLC4A4,ENSG00000080493,bacteria
sp|Q9Y6R1|S4A4_HUMAN,sp,Q9Y6R1,S4A4,HUMAN,0283361|tr|A0A415ZRE8|A0A415ZRE8_9BACT,283361,tr,A0A415ZRE8,A0A415ZRE8,AIPALL,785,790,AIPALL,172,177,KGVPIAIPALLGCAVL,6,,,,,,,,,,,,,,,,,,,,,,,,,,,,,,,,,,,,,,,,,,,,,,,,,,,,,,very_weak,,,,,,,,,,,,,,,,,,,,,,,,,,,,,,very_weak,70.58,31.465,32.660000000000004,72.12,40.1,36.555,65.84,41.565000000000005,51.77,29.56,29.945,41.475,48.75,47.845,59.86,15.75,37.975,60.755,36.35,33.46,56.62,30.69,40.085,41.75,37.95,6746.41700937163,468.273775603407,636.385587714603,7885.64149253622,778.582140593163,4185.79659667889,6020.60337663267,561.820522184014,1105.97095937572,377.331005256456,2355.04749978208,2760.39449554177,3646.29797347645,1940.63784102728,5147.86472444682,50.5170187882934,463.585447923056,4400.92279258914,1343.10210839356,994.520947055686,2490.59288936179,280.366660077216,386.370392387734,1169.01812764722,Solute carrier family 4 member 4,Q9Y6R1,603345.0,gene,8671.0,SLC4A4,ENSG00000080493,bacteria
sp|Q9Y6R1|S4A4_HUMAN,sp,Q9Y6R1,S4A4,HUMAN,0283361|tr|A0A415ZV51|A0A415ZV51_9BACT,283361,tr,A0A415ZV51,A0A415ZV51,SDFYDA,459,464,SDFYDA,298,303,SLLEASDFYDAIHPNS,6,,,very_weak,,,,,,,,,,,,,,,,,,,,,,,,,,,,,,,,weak,very_weak,,,,,,very_weak,,weak,very_weak,,,,,,very_weak,,,,,,,,weak,very_weak,,,,,,,,weak,very_weak,,,,,,,,,,,,,,weak,very_weak,10.16,53.675,43.085,26.885,52.785,37.2,51.45,54.115,56.8,45.425,57.795,3.055,17.755000000000003,8.855,23.75,61.895,38.365,3.46,57.06,34.305,6.235,23.51,31.415,39.38,43.370000000000005,382.005767992199,2328.41856587751,3459.81401527045,2222.04118978296,2510.58704046939,5456.53546868483,5606.44934267841,2566.95094410679,3670.6816571853,2239.12828429256,8218.75226794564,116.373788468182,1132.93144404591,377.543362156342,2425.17608889655,1353.06427458432,1192.52461059439,223.805274613374,4780.17592689682,1605.7041535318,341.058921031621,1377.04950883704,1092.34217957305,847.160701807054,Solute carrier family 4 member 4,Q9Y6R1,603345.0,gene,8671.0,SLC4A4,ENSG00000080493,bacteria
sp|Q9Y6R1|S4A4_HUMAN,sp,Q9Y6R1,S4A4,HUMAN,0283361|tr|A0A3R6IIM7|A0A3R6IIM7_9BACT,283361,tr,A0A3R6IIM7,A0A3R6IIM7,LCLILV,564,569,LCLILV,97,102,HFELTLCLILVFFADN,6,,,,,,,,,,,,,,,,,,,,,,,,,,,,,,,,,,,,,,,,,,,,,,,,,,,,,,,,,,,,,,,,,,,,,,,,,,,,,,,,,,,,,38.16,65.43,76.205,62.965,62.57000000000001,79.59,69.95,64.095,74.63,90.96,71.625,49.62,74.43,45.875,59.92,67.61,73.17,47.245000000000005,53.895,74.085,52.35,68.88,76.925,65.435,72.48,1834.82408789249,1472.43515881098,4482.52376427476,4633.71845718619,1468.20349298778,11961.8695677178,5870.27605664827,1577.49727573742,3573.95980319388,8675.34276972844,8856.68245270718,839.042033360457,7216.77335634521,478.041358329113,2762.87455805754,718.853076536973,3033.08851484195,934.280712119799,1865.69326916584,3637.1565561505,929.300331152016,3666.07749556288,3125.74050155012,2084.12999857748,Solute carrier family 4 member 4,Q9Y6R1,603345.0,gene,8671.0,SLC4A4,ENSG00000080493,bacteria
sp|Q9Y6R1|S4A4_HUMAN,sp,Q9Y6R1,S4A4,HUMAN,0283361|tr|A0A416A371|A0A416A371_9BACT,283361,tr,A0A416A371,A0A416A371,LVEMIV,182,187,LVEMIV,379,384,AIASQLVEMIVPLGMP,6,,,very_weak,,weak,very_weak,,weak,very_weak,,,,,,very_weak,,,very_weak,,,,,,,,,,,,,,,very_weak,,,,,,,,,very_weak,,,,,,,,weak,very_weak,,weak,very_weak,,,,,,,,weak,very_weak,,weak,very_weak,,,,,,,,,,,weak,very_weak,,,very_weak,,weak,very_weak,11.785,6.925,7.859999999999999,40.655,17.82,19.335,37.075,31.945,37.30499999999999,33.105,16.94,42.345,15.635,21.435,41.38,7.955,26.72,28.575,5.404999999999999,4.145,26.12,33.480000000000004,25.57,7.355,12.25,506.447552568103,73.807249305843,310.899717535619,1750.20180699442,385.468471257651,2747.84914351512,1757.9450982472,308.196894766585,335.9097904252,1016.36445134351,1987.25700140648,434.342770801205,1080.21291832912,149.833531278812,1433.83840152921,47.7424157950079,492.942711502908,547.579200390137,330.59507557123,180.562955975139,293.47750438138,692.311932505593,407.01956203345,223.730219974277,Solute carrier family 4 member 4,Q9Y6R1,603345.0,gene,8671.0,SLC4A4,ENSG00000080493,bacteria
sp|Q9Y6R1|S4A4_HUMAN,sp,Q9Y6R1,S4A4,HUMAN,0283361|tr|A0A415ZNF9|A0A415ZNF9_9BACT,283361,tr,A0A415ZNF9,A0A415ZNF9,EEDDSP,98,103,EEDDSP,60,65,FKWADEEDDSPALNYF,6,,,,,,,,,,,,,,,,,,,,,,,,,,,,,,,,,,,,,,,,,,,,,,,,,,,,,,,,,,,,,,,,,,,,,,,,,,,,,,,,,,,,,63.775,79.52000000000001,95.0,35.495,87.14,74.315,67.705,84.89,89.64500000000001,67.72999999999999,79.575,82.12,36.82,86.25,81.305,89.93,86.82,81.27000000000001,90.57,70.62,80.15,86.14500000000001,89.205,65.32,95.0,7607.81499783065,11865.4505301096,31407.0444683235,5553.26131082184,18633.612842572,21405.4206241689,12622.5832737018,14944.4649358797,14523.4699545147,7745.27315040535,22504.563796629,12026.2368193915,2639.6740906677,13989.2089966367,16650.879490355,11432.8016518629,12543.6186425988,15416.9799320878,21617.6871238456,9584.48662862144,10065.5241245075,11131.067467865,12272.8385025253,8208.70987455072,Solute carrier family 4 member 4,Q9Y6R1,603345.0,gene,8671.0,SLC4A4,ENSG00000080493,bacteria
sp|Q9Y6R1|S4A4_HUMAN,sp,Q9Y6R1,S4A4,HUMAN,0283361|tr|A0A3R6MAB2|A0A3R6MAB2_9BACT,283361,tr,A0A3R6MAB2,A0A3R6MAB2,LAAAIP,782,787,LAAAIP,183,188,MEIPALAAAIPDGMFD,6,,,,,weak,very_weak,,,,,,,,,,,,,,,,,,,,,,,weak,very_weak,,,,,,,,,,strong,weak,very_weak,,,,,,,,weak,very_weak,,,,,weak,very_weak,,,,,,,,,,,,,,,very_weak,,,very_weak,,,,,,,strong,weak,very_weak,29.465,4.720000000000001,54.3,45.145,63.975,48.275,43.91,32.815,58.01,3.3,29.97,76.225,0.8450000000000001,66.91,74.30499999999999,27.53,4.505000000000001,73.5,43.13,38.955,68.295,18.345,12.92,35.754999999999995,69.035,3064.22683946287,186.213568374044,2119.99619030406,4196.04452343901,3233.02458815604,6397.71271394882,4161.14148708191,844.424469007133,2004.68483264855,85.6660092962762,4389.17709349461,6774.57859726899,402.012596174059,5051.03564862449,9180.41378137481,186.068560018193,245.430785304939,8633.85994470218,2645.73590622657,1559.4071310556,4500.35861885856,394.865116551167,209.347739029682,1317.85320608892,Solute carrier family 4 member 4,Q9Y6R1,603345.0,gene,8671.0,SLC4A4,ENSG00000080493,bacteria
sp|Q9Y6R1|S4A4_HUMAN,sp,Q9Y6R1,S4A4,HUMAN,0283361|tr|A0A415ZUK3|A0A415ZUK3_9BACT,283361,tr,A0A415ZUK3,A0A415ZUK3,KVTYTL,203,208,KVTYTL,4,9,MKYKVTYTLQREVS,6,,,very_weak,,,,,,very_weak,,,very_weak,,,,,,very_weak,,,,,weak,very_weak,,,very_weak,,,,,weak,very_weak,,weak,very_weak,strong,weak,very_weak,,,very_weak,,weak,very_weak,strong,weak,very_weak,,,,,,,,,,,weak,very_weak,,,very_weak,,weak,very_weak,,weak,very_weak,,weak,very_weak,,,very_weak,,,very_weak,,weak,very_weak,strong,weak,very_weak,14.9,38.195,11.56,18.26,23.685,12.165,21.135,7.414999999999999,16.02,59.63,6.93,9.32,19.995,6.295,1.955,25.385,34.29,8.24,18.71,9.41,3.665,5.71,11.215,13.08,8.335,1917.86449521514,1716.35250036982,829.366372190976,3003.50125477546,1292.54741433361,2550.86495659285,3099.77387894978,331.881703363596,1187.34892824304,4895.59079239988,1994.36523837949,563.397132570479,2471.45312753037,396.796656614761,542.355009400551,437.692259446707,2441.94861795409,804.051512550888,2428.40574119602,495.847342954602,292.979395810933,800.094238268382,550.061327633428,608.041151624448,Solute carrier family 4 member 4,Q9Y6R1,603345.0,gene,8671.0,SLC4A4,ENSG00000080493,bacteria
sp|Q9Y6R1|S4A4_HUMAN,sp,Q9Y6R1,S4A4,HUMAN,0283361|tr|A0A416AEQ1|A0A416AEQ1_9BACT,283361,tr,A0A416AEQ1,A0A416AEQ1,HGGGGH,425,430,HGGGGH,62,67,VAMNVHGGGGHDFKEC,6,,,,,,,,,,,,,,,,,,,,,,,,,,,,,weak,very_weak,,,,,,,,,,,,,,,,,,,,,,,,,,,,,,,,,,,,,,,,,,,,,,,,,,,,,weak,very_weak,87.38,84.78,77.59,72.405,59.675,71.77000000000001,77.765,53.85,70.475,9.84,82.49000000000001,85.975,72.68,95.0,92.435,66.215,68.535,91.975,63.535,85.065,95.0,42.24,37.9,89.28,82.44999999999999,20750.2639512179,9912.80925528713,10427.3471437436,18917.4035692927,7986.36069146487,16077.4517094502,16651.780308843,7424.84275742567,7730.45436619848,511.198637752487,26795.6925211289,18847.3277173787,10064.3262216619,33852.1481299785,23538.8597836968,4115.07014728674,9027.05232728373,24803.5783439431,14318.4479139932,14352.2608659525,32060.7670302305,2559.35218120909,3430.03282795238,17148.1935243799,Solute carrier family 4 member 4,Q9Y6R1,603345.0,gene,8671.0,SLC4A4,ENSG00000080493,bacteria
sp|Q9Y6R1|S4A4_HUMAN,sp,Q9Y6R1,S4A4,HUMAN,0283361|tr|A0A3R6NCW8|A0A3R6NCW8_9BACT,283361,tr,A0A3R6NCW8,A0A3R6NCW8,YGVFLY,906,911,YGVFLY,4,9,MHKYGVFLYHWFAI,6,,,,,,,,,,,,,,,,,,,,,,,,,,,,,,,,,,,,,,,,,,,,,,,,,,,,,,,,,,,,,,,,,,,,,,,,,,,,,,,,,,,,,41.455,75.28999999999999,76.235,74.105,40.645,81.22999999999999,84.68,70.015,80.69,76.315,67.155,26.625,83.025,47.21,50.31999999999999,70.78999999999999,79.155,40.375,55.385000000000005,82.3,44.83,54.64,71.96000000000001,74.26,71.215,1968.21234945534,3098.53318926434,4737.64517507006,6640.96944340822,561.261553273794,12936.7237501164,12033.7862184726,2470.62430871521,5632.10662037623,3553.06229457412,7031.86035270953,396.547726123523,8075.16244957228,679.848660851243,1516.0188528587,1614.71135102545,4356.34251741244,791.612525765774,2811.3946235515,5677.56614393618,644.806763373215,1597.81869936583,2189.86777911906,3062.27136263918,Solute carrier family 4 member 4,Q9Y6R1,603345.0,gene,8671.0,SLC4A4,ENSG00000080493,bacteria
sp|Q9Y6R1|S4A4_HUMAN,sp,Q9Y6R1,S4A4,HUMAN,0283361|tr|A0A3R6IQJ2|A0A3R6IQJ2_9BACT,283361,tr,A0A3R6IQJ2,A0A3R6IQJ2,KPELKD,197,202,KPELKD,71,76,TWISMKPELKDIADQD,6,,,,,weak,very_weak,,,very_weak,,,,,,,,,,,,very_weak,,,,,,,,,,,,,,,,,weak,very_weak,,,,,,,,,,,,,,,very_weak,,,,,,,,,,,,,,,,,weak,very_weak,,,,,,,,,very_weak,,weak,very_weak,59.545,5.625,18.02,45.165,36.19,31.475,11.83,47.085,36.7,67.965,35.625,43.29,64.87,41.59,24.54,17.13,74.025,41.41,29.87,26.195,45.345,9.275,42.305,27.94,11.705,8678.72257819485,330.380527294533,1210.11057702129,5690.419542807,1939.33644676824,3575.00403093571,1532.59380936162,1494.6339900775,2418.15399029644,3657.79663753698,6041.55018283324,5027.59026389189,5791.54200262858,2902.3887209189,3045.71659078373,55.8575324616248,6300.91884035991,5497.186559458,2876.87649637664,557.026702671876,2794.53261503978,482.186725107492,845.95164140174,710.809472871249,Solute carrier family 4 member 4,Q9Y6R1,603345.0,gene,8671.0,SLC4A4,ENSG00000080493,bacteria
sp|Q9Y6R1|S4A4_HUMAN,sp,Q9Y6R1,S4A4,HUMAN,0283361|tr|A0A3R6IN66|A0A3R6IN66_9BACT,283361,tr,A0A3R6IN66,A0A3R6IN66,SLISFI,590,595,SLISFI,781,786,YLLYISLISFIIIRVI,6,,,,,,,,,,,,,,,,,,,,,,,,,,,,,,,,,,,,,,,,,,,,,,,,,,,,,weak,very_weak,,,,,,,,,,,,,,,,,,,,,,,,,,,,,weak,very_weak,29.08,67.3,72.62,52.195,37.105,44.465,73.095,24.675,60.185,88.85,63.37,37.145,80.87,47.505,56.695,8.59,71.875,26.37,43.535,61.66,58.745000000000005,50.395,47.85,47.675,52.905,1266.45255577968,1724.2631598841,3589.84949693737,4936.81452348979,655.804019599241,4509.08309060923,7490.44334044951,403.459289135844,1150.72128786285,7485.09628406867,5576.50264165586,561.103684615471,9704.27898449463,696.926509876694,2794.32096949162,54.6068094388999,2751.09174714664,936.243861531761,1568.1037249704,2529.40033644936,1352.06913054433,1183.5267315565,1087.94261360653,1360.53651794531,Solute carrier family 4 member 4,Q9Y6R1,603345.0,gene,8671.0,SLC4A4,ENSG00000080493,bacteria
sp|Q9Y6R1|S4A4_HUMAN,sp,Q9Y6R1,S4A4,HUMAN,0283361|tr|A0A415ZZB8|A0A415ZZB8_9BACT,283361,tr,A0A415ZZB8,A0A415ZZB8,LFELRT,158,163,LFELRT,54,59,MLRDGLFELRTEYNGN,6,,,,,,,,,,,,,,,,,,,,,,,,,,,,,,,,,,,,,,,,,,,,,,,,,,,,,,,,,,,,,,,,,,very_weak,,,,,,very_weak,,,,,,very_weak,,,,,,very_weak,24.98,35.33,25.21,47.975,49.315,49.6,27.665000000000003,67.335,63.650000000000006,78.49,44.705,31.895,45.86,35.835,33.765,20.965,59.08,41.165,34.315,17.86,34.13,13.78,59.125,18.97,27.31,1670.54839715789,1479.60577087182,2466.59113159365,2194.06561491539,2748.53304433294,9950.74245246045,1717.83878781,4896.01456439566,4504.4019433675,6299.75997967913,7013.24466063789,741.437403136436,3272.75989578922,1076.88706450842,1987.10649534505,424.865432310003,3933.7860118335,1470.34962089512,3116.92598053315,1156.75064397079,1098.2676432691,766.943676907816,2989.9157387275,799.713427862179,Solute carrier family 4 member 4,Q9Y6R1,603345.0,gene,8671.0,SLC4A4,ENSG00000080493,bacteria
sp|Q9Y6R1|S4A4_HUMAN,sp,Q9Y6R1,S4A4,HUMAN,0283361|tr|A0A415ZUY7|A0A415ZUY7_9BACT,283361,tr,A0A415ZUY7,A0A415ZUY7,VPDITL,689,694,VPDITL,800,805,DILIKVPDITLRDLGA,6,,,,,,very_weak,,,,,,very_weak,,weak,very_weak,,,,,,very_weak,,,,,,,,,,,,,,,,,,,,,,,,,,,,,,,,,,,,,,,,,,very_weak,,,,,,,,,,,,,,,very_weak,,,,,weak,very_weak,21.585,10.43,32.805,17.015,8.11,31.585,13.16,20.17,25.105,77.145,21.42,42.95,45.795,28.155,25.765,21.58,60.05,38.44,15.415,22.715,26.28,47.575,47.06,19.43,40.82,1943.81102041701,294.587800531752,1081.38231727453,1165.38102448976,231.822757358368,3481.85794885732,713.305665142134,592.269235867968,490.527226005124,5076.67722205833,4654.01765645806,2228.39734955207,4085.78888448533,926.579464928784,2085.55112181749,164.396771701874,3080.8155542301,2634.99429101771,750.50127488914,584.51522698049,1062.56996149058,1433.59020199594,1229.43153613582,411.977435708566,Solute carrier family 4 member 4,Q9Y6R1,603345.0,gene,8671.0,SLC4A4,ENSG00000080493,bacteria
sp|Q9Y6R1|S4A4_HUMAN,sp,Q9Y6R1,S4A4,HUMAN,0283361|tr|A0A3R6IMI9|A0A3R6IMI9_9BACT,283361,tr,A0A3R6IMI9,A0A3R6IMI9,LISDFA,726,731,LISDFA,60,65,KLSRTLISDFAAYLQC,6,,weak,very_weak,,,,,,,strong,weak,very_weak,,weak,very_weak,,weak,very_weak,,weak,very_weak,,,,,,very_weak,,,,,weak,very_weak,,,very_weak,,,,,,very_weak,,weak,very_weak,,,very_weak,strong,weak,very_weak,,,very_weak,,,,,weak,very_weak,,,very_weak,,,very_weak,,weak,very_weak,,,,,,,,,,,,,strong,weak,very_weak,6.705,20.605,40.395,0.6050000000000001,9.44,7.234999999999999,2.11,23.37,14.485,26.57,8.82,17.25,16.845,9.81,17.73,13.515,32.06,8.53,16.775000000000002,12.185,9.43,26.275,29.35,22.205,41.375,248.764642199454,241.059386987238,985.789695881541,17.3551560161119,168.437107026719,397.127374752403,53.1990024479914,236.876029240169,48.9856802692484,1207.03760031215,1148.59421229467,186.536213893441,1085.90808380831,143.254505408257,801.827481375579,67.1511596619854,699.903844129808,239.206888622743,451.922246410251,132.54836771353,219.980841224581,309.627422746845,351.116183486161,273.878409401871,Solute carrier family 4 member 4,Q9Y6R1,603345.0,gene,8671.0,SLC4A4,ENSG00000080493,bacteria
sp|Q9Y6R1|S4A4_HUMAN,sp,Q9Y6R1,S4A4,HUMAN,0283361|tr|A0A416A5A3|A0A416A5A3_9BACT,283361,tr,A0A416A5A3,A0A416A5A3,TLMSDE,346,351,TLMSDE,45,50,RHEDGTLMSDEEILQA,6,,,very_weak,,,,,,,,weak,very_weak,,,,,,,,weak,very_weak,,,,,,,,,,,,,,,,,,,,weak,very_weak,,,,,,,strong,weak,very_weak,,,,,,,,,,,,,,,,,,,,,,,,,,,,,,,strong,weak,very_weak,11.29,41.57,73.105,6.91,61.535,58.175,3.61,61.905,53.05499999999999,42.935,66.535,61.135000000000005,5.59,42.315,49.275,61.19499999999999,45.12,45.285,50.59,39.945,38.52,67.59,48.25,44.28,75.945,1325.13099773188,3340.23022953096,11450.2567165475,1026.97643369463,8234.32889869474,16640.2535117173,425.541721606413,7624.54328114728,5723.94995352549,3968.28449829406,17399.3807450599,5207.69601993043,608.251711928146,3158.85518794458,8928.55553737272,3987.99797156768,2685.76903054923,6900.56469137689,8338.59943379326,3366.75372426105,2852.26738530589,6339.55543399526,4853.08322972691,3799.54626410815,Solute carrier family 4 member 4,Q9Y6R1,603345.0,gene,8671.0,SLC4A4,ENSG00000080493,bacteria
sp|Q9Y6R1|S4A4_HUMAN,sp,Q9Y6R1,S4A4,HUMAN,0283361|tr|A0A416A3Y2|A0A416A3Y2_9BACT,283361,tr,A0A416A3Y2,A0A416A3Y2,KLISDF,725,730,KLISDF,227,232,GQLQAKLISDFDLFRW,6,,weak,very_weak,,,,,,,,weak,very_weak,,,,,,,strong,weak,very_weak,,,,,,,,,,,,,,,,,,,,,,,,,,,,,,very_weak,,,,,,,,,,,,,,,,,,,,,,,,,,,,,,,strong,weak,very_weak,8.07,33.114999999999995,60.375,3.71,30.34,33.285,0.915,50.68,37.96,57.685,56.0,30.355,20.235,35.805,20.99,56.13,48.175,24.815,28.795,23.78,22.865,44.78,58.055,24.46,61.455,306.08666727506,415.675836375748,2291.47949752679,131.153169761734,453.681061846976,3922.73526274516,27.9478025489038,1037.57571993737,957.977918487586,3781.25526164771,4884.74413865792,359.142660519179,1424.83773086723,295.667105528153,723.441019951478,433.122619790443,1139.12638550953,396.118902306704,703.578695247927,496.813976433923,278.941513614779,1202.99581987539,1214.30763964019,478.212074754439,Solute carrier family 4 member 4,Q9Y6R1,603345.0,gene,8671.0,SLC4A4,ENSG00000080493,bacteria
sp|Q9Y6R1|S4A4_HUMAN,sp,Q9Y6R1,S4A4,HUMAN,0283361|tr|A0A416A490|A0A416A490_9BACT,283361,tr,A0A416A490,A0A416A490,FTELDE,109,114,FTELDE,39,44,NWLCEFTELDELWFLI,6,,,,,,,,,,,,,,,,,,,,,,,,,,,,,,,,,,,,,,,,,,,,,,,,,,,,,,,,,,,,,,,,,,,,,,,,,,,,,,,,,,,,,35.455,68.745,84.83,41.865,71.875,80.475,65.78,76.005,82.63,85.45,74.425,51.28,42.04,49.555,56.6,74.61,79.86,44.925,54.16,58.19,47.74,76.995,76.505,39.485,80.685,637.253758786776,1980.68836716949,8113.87312819901,1509.39017684418,3221.1878828512,12482.8285153258,4320.2930838358,3646.96872146773,6507.95300327214,7506.66987811062,10163.2491953256,441.100985132073,2216.15870172366,342.998068216184,1931.7135862599,1580.98302809575,4554.240799808,394.408239296887,2792.56795146584,1794.61354962963,333.848130074888,5327.0891899878,3234.63409668157,611.485038249195,Solute carrier family 4 member 4,Q9Y6R1,603345.0,gene,8671.0,SLC4A4,ENSG00000080493,bacteria
sp|Q9Y6R1|S4A4_HUMAN,sp,Q9Y6R1,S4A4,HUMAN,0283361|tr|A0A416ACP9|A0A416ACP9_9BACT,283361,tr,A0A416ACP9,A0A416ACP9,VAATVI,842,847,VAATVI,388,393,RIGTAVAATVILLFSG,6,,,,,,,,,,,,,,,,,,,,,,,,,,,,,weak,very_weak,,,,,,,,,,,,,,,,,,,,,,,,,,,,,,,,,,,,,,,,,,,,,,,,,,,,,weak,very_weak,48.455,62.81,60.325,42.365,50.4,57.755,49.515,25.06,43.16,8.195,36.935,43.625,21.81,32.855,60.25,33.115,27.265,26.6,41.065,59.155,35.705,48.12,25.555,58.835,71.845,3603.82066733424,1419.17576478273,1436.80460381487,2904.11641106664,1041.12931463527,3281.16296226238,4201.22334764633,172.515132599177,311.246388870729,46.4316311719353,1231.12207379661,1065.3442989596,2161.96975532388,780.674119408656,4405.06742276727,64.1929014821019,347.266265595913,1240.28049139706,1792.90563862151,1629.27743750326,986.056382597168,636.702401893096,167.541030144586,1536.1299177481,Solute carrier family 4 member 4,Q9Y6R1,603345.0,gene,8671.0,SLC4A4,ENSG00000080493,bacteria
sp|Q9Y6R1|S4A4_HUMAN,sp,Q9Y6R1,S4A4,HUMAN,0283361|tr|A0A415ZHB3|A0A415ZHB3_9BACT,283361,tr,A0A415ZHB3,A0A415ZHB3,PLRRVH,946,951,PLRRVH,124,129,GYTPQPLRRVHIRKSN,6,,,,,weak,very_weak,,weak,very_weak,,,,,,very_weak,,,,,,,,,,,,,,,,,,,,,,,,,,,,,,,,,,,,,,,,,weak,very_weak,,,,,weak,very_weak,,,very_weak,,,,,weak,very_weak,,,,,,,,weak,very_weak,,weak,very_weak,67.455,2.33,6.23,48.370000000000005,18.82,34.635000000000005,32.515,33.81,20.72,51.885000000000005,23.065,21.865,80.97999999999999,21.71,22.675,30.895,7.675,34.59,9.265,19.56,34.77,8.86,35.36,41.305,8.33,11212.4165025211,110.385010215988,240.091083192437,4840.54972307252,450.472336824574,2805.46923664152,3063.36495006902,457.531022455627,497.26571672166,2651.4960489215,4398.35222513387,1464.87129643549,12946.6656145907,1160.14739932207,2306.25414488106,131.791872590367,575.541046559193,3205.02215293873,684.446811605591,715.748666824728,1817.08296918323,143.428208617609,550.358985221287,1154.30014928484,Solute carrier family 4 member 4,Q9Y6R1,603345.0,gene,8671.0,SLC4A4,ENSG00000080493,bacteria
sp|Q9Y6R1|S4A4_HUMAN,sp,Q9Y6R1,S4A4,HUMAN,0283361|tr|A0A3R6NCP4|A0A3R6NCP4_9BACT,283361,tr,A0A3R6NCP4,A0A3R6NCP4,LVTILI,790,795,LVTILI,85,90,QRAFLLVTILIFLFAT,6,,,,,,,,,,,,,,,,,,,,,,,,,,,,,,,,,,,,,,,,,,,,,,,,,,,,,,,,,,,,,,,,,,,,,,,,,,,,,,,,,,,,,48.595,72.06,74.52,51.285,66.0,63.24,73.815,47.935,67.39,91.4,56.39,46.03,81.535,42.69,54.52,69.475,78.02,30.205,44.62,76.255,50.44,54.7,66.575,58.010000000000005,63.72,1833.89126277555,2445.33289276417,4348.14880187721,4925.7699419636,1832.68128200852,7651.98116047403,8955.74284856472,969.510594957141,2573.70886734036,8964.56501383462,4655.57893689481,790.807818283198,8017.44244187431,594.735112103334,2258.76497438366,854.063238621961,4055.75044996901,1029.17890019054,2296.79141106515,4246.09942176714,1157.52688300333,1605.32198503388,2525.3258565879,2371.1810802746,Solute carrier family 4 member 4,Q9Y6R1,603345.0,gene,8671.0,SLC4A4,ENSG00000080493,bacteria
sp|Q9Y6R1|S4A4_HUMAN,sp,Q9Y6R1,S4A4,HUMAN,0283361|tr|A0A3R6IL07|A0A3R6IL07_9BACT,283361,tr,A0A3R6IL07,A0A3R6IL07,LSAILF,470,475,LSAILF,6,11,MKTTLLSAILFTFCLL,6,,,,,,,,,,,,,,,,,,,,,,,,,,,,,,,,,,,,,,,,,,,,,,,,,,,,,,,,,,,,,,,,,,,,,,,,,,,,,,,,,,,,,68.155,66.785,69.185,69.46,61.3,75.105,75.705,58.71,69.37,73.91,61.58,50.795,62.96,44.025,59.2,59.88,66.95,35.629999999999995,39.185,74.47,49.06,55.05,66.98,67.7,69.245,4770.35913652514,1639.44537583969,2771.01761833038,5268.9067638356,1110.61165001129,9584.901445679,7572.99342685905,798.589364727436,2376.18921408364,3064.49208498243,4965.79690900363,747.349132930505,5970.00673719863,619.382333130068,3052.54570899041,283.327720752569,1997.82080294346,1258.95205255912,923.047253969873,3328.54119173218,1149.31523552256,1652.48146588766,1409.97724928828,1866.92504524988,Solute carrier family 4 member 4,Q9Y6R1,603345.0,gene,8671.0,SLC4A4,ENSG00000080493,bacteria
sp|Q9Y6R1|S4A4_HUMAN,sp,Q9Y6R1,S4A4,HUMAN,0283361|tr|A0A416A9M8|A0A416A9M8_9BACT,283361,tr,A0A416A9M8,A0A416A9M8,LDTPFI,295,300,LDTPFI,727,732,LNGQVLDTPFINHSDI,6,,,,,,,,,,,,very_weak,,,,,,,,,,,,,,,,,,,,,,,weak,very_weak,,,,,,,,,very_weak,,,very_weak,,,,,,,,,,,weak,very_weak,,,,,,,,weak,very_weak,,,,,,,,,,,,,,weak,very_weak,25.875,40.025000000000006,58.885,10.995,55.395,27.55,21.995,55.88,48.67,60.46,35.96,9.015,46.915,13.23,16.085,46.010000000000005,59.945,9.825,40.38,30.31,9.14,27.37,61.14,41.595,62.995000000000005,2689.66581775376,2159.53835208247,5428.21171504761,975.550527881655,3725.53810270261,5446.33136061216,2069.05385947967,4016.70878243875,2744.43219114276,4283.93935616652,8311.21706538498,688.040505442277,4048.25351062867,1100.51583053059,3061.54252124936,766.935378792166,4029.0267829202,1330.56171736559,3467.60914297645,1564.30782300269,736.209410783615,1671.57898782838,3508.10136963337,1729.55094039895,Solute carrier family 4 member 4,Q9Y6R1,603345.0,gene,8671.0,SLC4A4,ENSG00000080493,bacteria
sp|Q9Y6R1|S4A4_HUMAN,sp,Q9Y6R1,S4A4,HUMAN,0283361|tr|A0A416AAB1|A0A416AAB1_9BACT,283361,tr,A0A416AAB1,A0A416AAB1,GGGHGD,427,432,GGGHGD,131,136,FQTVKGGGHGDYRLIT,6,,,,,,,,,,,,,,,,,,,,,,,,,,,,,,,,,,,,,,,,,,,,,,,,,,,,,,,,,,,,,,,,,,,,,,,,,,,,,,,,,,,,,65.855,84.735,77.805,69.545,75.82,84.275,44.85,80.22999999999999,81.94,45.515,89.175,91.245,83.28,92.41,88.84,80.145,82.82,90.97,68.3,89.88,91.355,49.84,67.625,90.395,72.015,9196.81787670972,8094.84497806422,8558.80103687117,7742.25686090736,7259.29770325498,17710.3035782062,4635.72432346901,5409.04027053216,10013.0593779556,1564.2231979727,21071.5344677546,15801.6908469195,8949.44661796877,17900.6412140552,18701.8823072466,2480.07860937107,8504.15447463621,19452.7126914153,10274.1438296924,10075.9846031869,14088.7020230224,1985.40871696219,3109.07808060725,10719.0477526305,Solute carrier family 4 member 4,Q9Y6R1,603345.0,gene,8671.0,SLC4A4,ENSG00000080493,bacteria
sp|Q9Y6R1|S4A4_HUMAN,sp,Q9Y6R1,S4A4,HUMAN,0283361|tr|A0A415ZKE3|A0A415ZKE3_9BACT,283361,tr,A0A415ZKE3,A0A415ZKE3,GLLKPE,194,199,GLLKPE,91,96,DIPVYGLLKPERILLD,6,,,very_weak,,,,,,very_weak,,,very_weak,,,,,,very_weak,,,very_weak,,weak,very_weak,,,very_weak,,,,,,very_weak,,,,,weak,very_weak,,,,,weak,very_weak,,,very_weak,,,very_weak,strong,weak,very_weak,,,,,,very_weak,,weak,very_weak,,,very_weak,,,very_weak,,,very_weak,,weak,very_weak,,,very_weak,,,very_weak,strong,weak,very_weak,13.585,22.135,18.515,10.275,20.410000000000004,10.96,16.815,3.805,14.895,36.18,19.985,21.35,30.155,8.345,11.34,0.35,60.13,13.225,6.98,16.28,10.095,15.665,7.025,13.78,10.555,1778.93499155309,252.203811409325,450.628332174224,887.880733826836,224.513477611261,901.344679674696,760.235083411121,35.5160904157212,406.781822975273,1358.47717956392,1682.61159396071,602.970368192091,2669.89158251508,280.151363921389,757.001104953591,4.13541369342774,2754.4871878902,736.488260370216,309.828494010072,202.744894044614,339.758771282894,184.562757473855,54.0524860850499,123.634936726342,Solute carrier family 4 member 4,Q9Y6R1,603345.0,gene,8671.0,SLC4A4,ENSG00000080493,bacteria
sp|Q9Y6R1|S4A4_HUMAN,sp,Q9Y6R1,S4A4,HUMAN,0283361|tr|A0A416A490|A0A416A490_9BACT,283361,tr,A0A416A490,A0A416A490,TELDEL,110,115,TELDEL,40,45,WLCEFTELDELWFLIT,6,,,,,,,,,,,,,,,,,,,,,,,,,,,,,,,,,,,,,,,,,,,,,,,,,,,,,,,,,,,,,,,,,,,,,,,,,,,,,,,,,,,,,42.7,72.295,86.77000000000001,49.2,72.715,86.475,68.005,76.91499999999999,82.63,90.295,75.295,41.61,55.21,45.185,54.39,77.195,82.0,35.98,52.8,77.9,44.17,80.57,79.2,68.285,81.275,816.023500841278,2487.06524614256,9373.42644105594,1839.61475711954,3301.89000125905,16634.4931056809,4969.02168492484,3917.05200481856,6507.95300327214,8253.4170219808,10603.1215697324,323.808656465884,2937.61535238424,281.942427402724,1675.96156255744,1851.65624264784,5235.94542225435,283.941493225341,2699.69541748466,4189.73862877346,324.643573017284,6328.59011464491,3741.81829774387,1954.43990317166,Solute carrier family 4 member 4,Q9Y6R1,603345.0,gene,8671.0,SLC4A4,ENSG00000080493,bacteria
sp|Q9Y6R1|S4A4_HUMAN,sp,Q9Y6R1,S4A4,HUMAN,0283361|tr|A0A415ZNF9|A0A415ZNF9_9BACT,283361,tr,A0A415ZNF9,A0A415ZNF9,EEDDSPA,98,104,EEDDSPA,60,66,FKWADEEDDSPALNYFD,7,,,,,,,,,,,,,,,,,,,,,,,,,,,,,,,,,,,,,,,,,,,,,,,,,,,,,,,,,,,,,,,,,,,,,,,,,,,,,,,,,,,,,63.775,79.52000000000001,95.0,35.495,87.14,74.315,67.705,74.285,89.64500000000001,60.78,79.575,82.12,25.235,86.25,80.595,89.93,75.75999999999999,81.27000000000001,90.825,70.62,80.15,82.14500000000001,80.61500000000001,65.32,95.0,7607.81499783065,11865.4505301096,31407.0444683235,5553.26131082184,18633.612842572,21405.4206241689,12622.5832737018,13302.796515253,14523.4699545147,7158.52486657485,22504.563796629,12026.2368193915,2225.40961935688,13989.2089966367,16373.4303690099,11432.8016518629,9159.77636381444,15416.9799320878,20999.3856510613,9584.48662862144,10065.5241245075,10748.1977246879,12221.1597512789,8208.70987455072,Solute carrier family 4 member 4,Q9Y6R1,603345.0,gene,8671.0,SLC4A4,ENSG00000080493,bacteria
sp|Q9Y6R1|S4A4_HUMAN,sp,Q9Y6R1,S4A4,HUMAN,0283361|tr|A0A3R6LP42|A0A3R6LP42_9BACT,283361,tr,A0A3R6LP42,A0A3R6LP42,KIPMDI,1046,1051,KIPMDI,39,44,ALKVLKIPMDIRETTL,6,,,,,weak,very_weak,,,,,,,,,,,,,,weak,very_weak,,,,,,,,,,,,,,,,,,,,,,,,,,,very_weak,,,,,,,,,,,,,,weak,very_weak,,,,,,,,,,,,,,weak,very_weak,,,,,weak,very_weak,40.555,3.115,27.595,47.805,30.26,37.305,9.285,49.125,33.97,77.71000000000001,30.26,43.205,58.58,26.8,15.335,38.49,53.455,39.285,7.880000000000001,23.425,34.945,41.190000000000005,56.005,8.815,27.12,2259.74275940552,76.4182012065388,474.896643485624,3026.59763572286,451.394467395852,3378.86941158853,292.279668892582,999.807591863896,817.543536053645,5069.54153380616,2330.28359238236,1726.55939334307,4248.35116947951,614.36319207605,1105.18146150402,149.893526413747,1811.42957677786,1835.81697593008,291.679429846299,340.487422190442,730.362091692861,691.847667223644,977.632127917091,58.8880016799804,Solute carrier family 4 member 4,Q9Y6R1,603345.0,gene,8671.0,SLC4A4,ENSG00000080493,bacteria
sp|Q9Y6R1|S4A4_HUMAN,sp,Q9Y6R1,S4A4,HUMAN,0283361|tr|A0A3R6JBD7|A0A3R6JBD7_9BACT,283361,tr,A0A3R6JBD7,A0A3R6JBD7,TDASFL,571,576,TDASFL,613,618,RASGYTDASFLLSNAC,6,,,very_weak,,,,,,,,weak,very_weak,,,,,,,,,very_weak,,,,,,,,,,,,very_weak,strong,weak,very_weak,,,,,,,strong,weak,very_weak,,weak,very_weak,,,,,,,,,,strong,weak,very_weak,,,,,,,strong,weak,very_weak,,,,,,,,,,,,,strong,weak,very_weak,11.625,59.55,35.76,5.215,50.75,33.905,18.305,23.73,45.365,20.835,14.37,1.025,33.575,1.66,5.33,31.255000000000003,25.295,0.985,54.675,35.77,1.4500000000000002,25.83,21.06,39.245,38.105,375.705543924781,3191.97531425696,2732.37324415498,279.666795373355,1869.35058534509,5840.49974136365,1293.77868714012,664.697877360298,2413.2401783021,696.813410200032,3188.14406773614,68.8447054306911,1559.06971877591,140.779120897901,1033.74340676634,421.221972535779,839.695921936451,100.109133899825,5180.49578252852,1167.8676790633,164.023661054413,401.664771758447,605.461144743283,1305.47793435937,Solute carrier family 4 member 4,Q9Y6R1,603345.0,gene,8671.0,SLC4A4,ENSG00000080493,bacteria
sp|Q9Y6R1|S4A4_HUMAN,sp,Q9Y6R1,S4A4,HUMAN,0283361|tr|A0A416AC39|A0A416AC39_9BACT,283361,tr,A0A416AC39,A0A416AC39,VFLYMG,908,913,VFLYMG,267,272,AMTPEVFLYMGIYTDR,6,,weak,very_weak,,,,,,,,,,strong,weak,very_weak,,,,,,,,,,,,,,,,,,,,,very_weak,,,,,,very_weak,,,very_weak,,,very_weak,,,,,,,,,,,weak,very_weak,,,very_weak,,weak,very_weak,,weak,very_weak,,,very_weak,,,,strong,weak,very_weak,,,very_weak,strong,weak,very_weak,9.935,29.815,22.105,28.335,1.29,35.605000000000004,52.815,28.1,43.92,69.355,39.8,16.55,18.92,13.775,19.93,21.94,51.995,6.905,18.285,9.42,9.515,15.62,25.880000000000003,1.21,17.895,541.633705677073,559.824161045723,1048.6701058977,2370.5654245277,56.7899087276302,4172.54781678496,4597.06451560302,686.612655483535,1728.35370007756,2979.09803014042,5170.30438979513,124.632855568753,1552.48795440234,107.936700326933,671.151356218838,129.455716087893,1614.60652951505,102.481854116304,907.058083613698,217.244179862874,156.289678984408,651.123479239883,531.204363001074,32.8259006923392,Solute carrier family 4 member 4,Q9Y6R1,603345.0,gene,8671.0,SLC4A4,ENSG00000080493,bacteria
sp|Q9Y6R1|S4A4_HUMAN,sp,Q9Y6R1,S4A4,HUMAN,0283361|tr|A0A415ZW81|A0A415ZW81_9BACT,283361,tr,A0A415ZW81,A0A415ZW81,KKKKKG,1020,1025,KKKKKG,93,98,LFCIGKKKKKGIRRFA,6,,,,,,,,,,,,,,,,,,,,,,,,,,,,,,,,,,,,,,,,,,,,,,,,,,,,,,,,,,,,,,,,,,,,,,,,,,,,,,,,,,,,,95.0,56.715,49.895,89.12,61.015,70.455,56.405,77.76,25.505000000000003,90.1,67.505,71.88499999999999,95.0,82.30000000000001,58.51,76.78,94.57,86.00999999999999,61.465,84.28,85.66499999999999,63.025,81.65,89.15,25.57,36454.8555104085,1261.17432949237,1929.35324893289,14378.8397422078,2372.20752851985,10046.4834771746,5448.57108873033,4186.92898460232,1384.11497526544,8135.49831076847,9917.74418558947,10257.9267041493,36474.5825186745,9861.14050771243,5921.11647234945,1776.81900595908,14877.3506392141,14416.2264690501,5264.00632146549,6524.02735285911,9141.26213789744,2752.04443055011,4555.32499810709,9582.41281260599,Solute carrier family 4 member 4,Q9Y6R1,603345.0,gene,8671.0,SLC4A4,ENSG00000080493,bacteria
sp|Q9Y6R1|S4A4_HUMAN,sp,Q9Y6R1,S4A4,HUMAN,0283361|tr|A0A3R6KZ33|A0A3R6KZ33_9BACT,283361,tr,A0A3R6KZ33,A0A3R6KZ33,ELDELL,111,116,ELDELL,306,311,KKSLTELDELLESLNL,6,,,,,,,,,,,,,,,,,,,,,,,,,,,,,,,,,,,,,,,,,,very_weak,,,,,,,,weak,very_weak,,,,,,,,,,,,,,,,,,very_weak,,,,,,,,,,,,,,weak,very_weak,21.495,57.205,73.97999999999999,33.145,62.235,84.88,24.135,66.28999999999999,73.77,66.715,59.15,47.03,17.625,27.515,38.64,60.39,63.115,29.555,33.96,52.41,17.745,74.99,65.755,38.96,69.94999999999999,1245.60603798528,2297.08963971133,7155.891926733,2107.21260865447,3730.25730018418,16447.1157844613,1667.00945815561,2547.55513056119,4748.73034184464,6490.2326908492,7968.66613880469,1083.30287270311,1434.94030548429,464.127480864235,1940.4068847886,648.634315147885,3191.62996828823,1114.28275847111,2248.13451768847,3145.72398328689,384.918333999041,5020.30629229934,2912.48667460436,1475.40138702942,Solute carrier family 4 member 4,Q9Y6R1,603345.0,gene,8671.0,SLC4A4,ENSG00000080493,bacteria
sp|Q9Y6R1|S4A4_HUMAN,sp,Q9Y6R1,S4A4,HUMAN,0283361|tr|A0A3R6IQH8|A0A3R6IQH8_9BACT,283361,tr,A0A3R6IQH8,A0A3R6IQH8,DLSFLD,998,1003,DLSFLD,122,127,VPGKIDLSFLDFLYPE,6,,weak,very_weak,,weak,very_weak,,,,,,,,,,,,,,,,,,,,,,,,,,,,,,very_weak,,,,,,very_weak,,weak,very_weak,,,very_weak,,weak,very_weak,,,,,,,,weak,very_weak,,,,,,,,weak,very_weak,,,,,,,,,,,,,,weak,very_weak,2.705,3.42,75.16499999999999,22.0,40.43,70.7,30.58,53.29,58.88,55.555,50.49,10.895,12.86,7.415,19.995,59.89,51.765,5.2,22.305,52.72,6.875,42.705,42.29,46.55499999999999,68.7,94.1634219915065,212.356821481901,4415.61329571334,842.681202188953,645.427985724654,9072.48548465098,1622.80307667357,1664.73838581017,1764.86314410204,4214.97360455013,5299.20801538014,123.4785245448,947.81224298974,102.456354177714,572.25625322365,801.818805826942,2014.16412097997,109.082562629086,996.211780657982,1590.67745526559,119.462439503297,1910.98756576625,1349.62827866732,762.211786810635,Solute carrier family 4 member 4,Q9Y6R1,603345.0,gene,8671.0,SLC4A4,ENSG00000080493,bacteria
sp|Q9Y6R1|S4A4_HUMAN,sp,Q9Y6R1,S4A4,HUMAN,0283361|tr|A0A3R6NCE7|A0A3R6NCE7_9BACT,283361,tr,A0A3R6NCE7,A0A3R6NCE7,DEFLDE,371,376,DEFLDE,2,7,MDEFLDEMDDEQ,6,,,,,,,,,,,,,,,,,,,,,,,,,,,,,,,,,,,,,,,,,,,,,,,,,,,,,,,,,,,,,,,,,,,,,,,,,,,,,,,,,,,,,32.495,78.32499999999999,95.0,66.71000000000001,95.0,95.0,86.61,95.0,95.0,95.0,95.0,93.775,55.07,89.965,88.22,95.0,95.0,87.85499999999999,95.0,66.05,85.82,95.0,95.0,61.58,95.0,3867.2340416191,14361.425799483,32778.4188877874,12322.7356827213,27810.3175346241,36666.092626064,19670.0749474099,33130.6978157245,30721.4118590589,25413.9941381946,37064.9655860784,19684.9784000031,6175.58208077622,16765.1300505074,21702.5244456674,27546.7808519334,22041.6386396711,17890.95978461,30737.3711484387,12529.9184932751,12767.0794478751,22084.8468362951,31204.8273699093,9548.77612359293,Solute carrier family 4 member 4,Q9Y6R1,603345.0,gene,8671.0,SLC4A4,ENSG00000080493,bacteria
sp|Q9Y6R1|S4A4_HUMAN,sp,Q9Y6R1,S4A4,HUMAN,0283361|tr|A0A3R6NCP4|A0A3R6NCP4_9BACT,283361,tr,A0A3R6NCP4,A0A3R6NCP4,VTILIF,791,796,VTILIF,86,91,RAFLLVTILIFLFATC,6,,,,,,,,,,,,,,,,,,,,,,,,,,,,,,,,,,,,,,,,,,,,,,,,,,,,,,,,,,,,,,,,,,,,,,,,,,,,,,,,,,,,,63.80500000000001,77.315,83.5,67.63499999999999,74.305,77.32,79.515,65.11500000000001,75.97,95.0,68.38,54.05,87.41,52.14,60.895,76.855,88.185,46.5,44.855,85.235,59.775000000000006,69.035,79.935,75.655,78.41499999999999,4339.87658363775,3587.01519599117,7385.18315602635,7298.75508995732,3901.02225447788,10696.6874074049,10295.7322871613,1804.60233110734,3956.83714037785,20497.4432394673,7469.07800602074,1037.18287245271,11732.8090638902,902.252104653553,3002.00675470791,1790.75365973262,8074.28878216442,1522.84139868369,2485.72013529329,6985.67802265303,1708.05302351071,3693.42966862079,3967.81223085582,4284.35653794452,Solute carrier family 4 member 4,Q9Y6R1,603345.0,gene,8671.0,SLC4A4,ENSG00000080493,bacteria
sp|Q9Y6R1|S4A4_HUMAN,sp,Q9Y6R1,S4A4,HUMAN,0283361|tr|A0A416A7N2|A0A416A7N2_9BACT,283361,tr,A0A416A7N2,A0A416A7N2,LKPELK,196,201,LKPELK,252,257,FILPFLKPELKWDFRL,6,,,,,,,,,,,,,,,,,,,,weak,very_weak,,,,,,,,,,,,,,,,,,,,,,,,,,,,,,,,,,,,,,,,,,very_weak,,,,,,,,,,,,,,,,,,,,weak,very_weak,50.265,35.73,49.98,44.18,22.19,60.585,9.935,53.64,36.38,85.525,50.615,41.17,77.18,42.915,30.735,50.47,81.81,42.42,13.225,60.120000000000005,39.41,45.42,54.17,49.1,36.96,1624.8938683571,258.100380892277,1265.58957757667,2379.8170681913,137.403710010905,5750.45604428588,438.526542593264,1109.86687239499,1024.64563462762,6068.3450340806,4986.36379262331,897.51043242607,6560.76585500316,720.075233737906,746.565187648822,231.013999919575,5171.64716126131,1224.16189785255,409.307166866771,1878.25090228567,606.713670989966,722.236593064385,859.449039448884,1140.76680315755,Solute carrier family 4 member 4,Q9Y6R1,603345.0,gene,8671.0,SLC4A4,ENSG00000080493,bacteria
sp|Q9Y6R1|S4A4_HUMAN,sp,Q9Y6R1,S4A4,HUMAN,0283361|tr|A0A415ZV51|A0A415ZV51_9BACT,283361,tr,A0A415ZV51,A0A415ZV51,ASDFYD,458,463,ASDFYD,297,302,FSLLEASDFYDAIHPN,6,,,very_weak,,,,,,,,,,,,,,,,,,,,,,,,,,,,,,,strong,weak,very_weak,,,,,,very_weak,,weak,very_weak,,,very_weak,,,very_weak,,,,,,,strong,weak,very_weak,,,,,,,,weak,very_weak,,,,,,,,,very_weak,,,,strong,weak,very_weak,10.085,44.620000000000005,58.965,27.395,46.4,37.2,47.31,36.655,60.82,39.32,46.67,1.56,15.76,3.58,13.7,46.57,31.895000000000003,1.495,38.43,46.26,2.515,41.58,31.565,14.39,43.370000000000005,274.323265847825,1229.28522090003,2987.55510466344,1633.69050852814,1469.82472233127,5456.53546868483,4079.6045434132,857.183064156645,2467.12494873264,1723.31195894892,4602.53908687736,58.6178324032686,840.896041472875,172.502067065567,1270.02028301305,234.182427250173,747.76164048055,92.6044212973986,1357.75714777763,1313.85254575006,168.650468949043,909.869282801119,550.358985221287,245.704454958592,Solute carrier family 4 member 4,Q9Y6R1,603345.0,gene,8671.0,SLC4A4,ENSG00000080493,bacteria
sp|Q9Y6R1|S4A4_HUMAN,sp,Q9Y6R1,S4A4,HUMAN,0283361|tr|A0A3R6N764|A0A3R6N764_9BACT,283361,tr,A0A3R6N764,A0A3R6N764,SEKVPS,1039,1044,SEKVPS,678,683,KTDLISEKVPSFPNAT,6,,,,,,very_weak,,,,,weak,very_weak,,,,,,very_weak,,weak,very_weak,,,,,,very_weak,,,,,,,,,,,,,,,,,,very_weak,,,,,weak,very_weak,,,,,,,,,very_weak,,weak,very_weak,,weak,very_weak,,,very_weak,,,,,,,,,very_weak,,,,,weak,very_weak,26.76,12.12,25.655,2.915,22.71,16.200000000000003,2.965,25.87,10.595,27.355,31.65,22.765,24.425,15.855,20.42,21.38,54.38,16.695,6.055,9.305,13.14,30.99,28.185,16.48,28.57,5423.63254791222,753.82166339167,1753.82247484287,348.116464398909,1637.49530862874,3778.43336343739,364.841302009086,1750.8836644198,491.318665770666,1656.76019219642,7130.15573850252,1965.76487599318,3424.95222372211,1473.39135446954,4546.95380619089,460.476037994864,4382.58095556866,2468.80722795853,906.989387043728,580.09236885654,1144.27756201808,1674.78329732068,1583.96225575987,973.94744991567,Solute carrier family 4 member 4,Q9Y6R1,603345.0,gene,8671.0,SLC4A4,ENSG00000080493,bacteria
sp|Q9Y6R1|S4A4_HUMAN,sp,Q9Y6R1,S4A4,HUMAN,0283361|tr|A0A3R6QZP6|A0A3R6QZP6_9BACT,283361,tr,A0A3R6QZP6,A0A3R6QZP6,TILSST,524,529,TILSST,818,823,VEQSDTILSSTSVLGH,6,,,,,,,,,very_weak,,,,,,very_weak,,,very_weak,,,,,weak,very_weak,,,very_weak,,,very_weak,,,,,,,,,,,,,,,,,,,,,,,weak,very_weak,,,very_weak,,,,,,,,weak,very_weak,,,,,,,,weak,very_weak,,weak,very_weak,,,,,weak,very_weak,56.39,22.880000000000003,14.195,33.510000000000005,14.135,11.275,21.53,3.355,14.575,10.97,32.875,61.085,26.15,49.5,64.74,7.62,17.384999999999998,58.650000000000006,24.375,3.45,58.99,30.035,3.845,8.525,24.475,6622.95860301729,713.923357166867,386.675685203318,2909.99825391423,385.355879252773,1088.17806503824,2019.27009933913,70.2898422183425,178.343683872084,334.437432103639,4835.99535726254,3638.53417994507,1991.82058956048,2278.96836694083,5987.27831079599,39.6048597639821,393.691965657493,5258.02940219274,1574.85392642311,125.350969913312,2504.72646847597,529.150733108137,100.056073193623,270.009255528452,Solute carrier family 4 member 4,Q9Y6R1,603345.0,gene,8671.0,SLC4A4,ENSG00000080493,bacteria
sp|Q9Y6R1|S4A4_HUMAN,sp,Q9Y6R1,S4A4,HUMAN,0283361|tr|A0A416A8N2|A0A416A8N2_9BACT,283361,tr,A0A416A8N2,A0A416A8N2,LDEVIV,374,379,LDEVIV,191,196,EDTETLDEVIVIGYGT,6,,,,,,,,,,,weak,very_weak,,,,,,,,,,,,,,,,,,,,,,,,,,,,,,very_weak,,,,,,,,weak,very_weak,,,,,,,,,,,,very_weak,,,,,,,,,,,,,,,,,,,,weak,very_weak,31.965,54.66,61.64,7.460000000000001,52.7,69.44999999999999,29.8,45.065,59.87,56.59,60.645,73.53999999999999,16.25,50.325,65.77,57.875,28.99,62.03,14.08,63.5,54.875,65.66,57.845,60.025000000000006,68.985,3733.72992346936,3256.22965178738,3752.72480017678,1046.24478990864,3048.3870330399,14791.3206170787,3781.45982889892,1961.00635738118,3672.98590589965,3922.73526274516,13367.4351712667,6657.22827655988,1696.65165876991,3757.47843547396,8166.98375121042,922.837547295748,1459.55550515698,7272.26903705589,1489.51637161745,4776.14343412482,3549.56567173425,3786.16793142557,2286.22934159163,3945.59356288746,Solute carrier family 4 member 4,Q9Y6R1,603345.0,gene,8671.0,SLC4A4,ENSG00000080493,bacteria
sp|Q9Y6R1|S4A4_HUMAN,sp,Q9Y6R1,S4A4,HUMAN,0283361|tr|A0A3R6QYX9|A0A3R6QYX9_9BACT,283361,tr,A0A3R6QYX9,A0A3R6QYX9,LADYYP,607,612,LADYYP,155,160,KPPFVLADYYPWIFGI,6,,,very_weak,,,,,,,,weak,very_weak,,,very_weak,,,,,,very_weak,,,very_weak,,,,,,,,,,,weak,very_weak,,,,,,,,weak,very_weak,,weak,very_weak,,,,,,,,,,strong,weak,very_weak,,,very_weak,,,,,weak,very_weak,,,,,,very_weak,,,,,,,strong,weak,very_weak,16.875,36.65,32.495,6.225,14.239999999999998,27.665,14.985,16.68,22.695,69.0,28.085,3.52,49.93,7.52,8.08,29.61,70.715,1.7399999999999998,18.94,43.775,4.1,36.955,12.35,35.085,26.945,334.705311205887,720.93275992154,1402.0969309566,121.731476009517,217.601754964085,1221.84618784211,595.172846453463,173.83421918607,299.644449703103,3070.36651936362,4125.54663510767,73.646112688895,2266.52554523074,156.748617828495,622.48621414744,156.367485250311,3687.59980935336,69.3996342719435,750.728676540598,722.885482889688,169.750723547163,1080.54022250537,162.188318945732,470.391328934752,Solute carrier family 4 member 4,Q9Y6R1,603345.0,gene,8671.0,SLC4A4,ENSG00000080493,bacteria
sp|Q9Y6R1|S4A4_HUMAN,sp,Q9Y6R1,S4A4,HUMAN,0283361|tr|A0A3R6IJU6|A0A3R6IJU6_9BACT,283361,tr,A0A3R6IJU6,A0A3R6IJU6,SSDKRK,399,404,SSDKRK,154,159,NVRFLSSDKRKSLHLA,6,,,,,weak,very_weak,strong,weak,very_weak,,weak,very_weak,,,,,weak,very_weak,strong,weak,very_weak,,,,,weak,very_weak,,,,,,,,,,,weak,very_weak,,,,,,,,weak,very_weak,,,,,,,,,,,,,,,very_weak,,,very_weak,,,,,weak,very_weak,,,,,,,strong,weak,very_weak,strong,weak,very_weak,77.445,9.905,0.475,8.37,24.07,9.915,0.625,34.545,4.785,57.315,28.89,26.105,90.41,33.47,9.445,22.23,71.9,33.95,16.4,17.405,32.765,9.715,22.315,30.54,0.19,13102.5248499772,167.128230972688,83.1186363784506,649.013402173103,302.556938413697,758.87086344641,40.94293922584,491.557942172964,275.659192735259,2601.53812654227,3269.60987496099,2578.19613503001,14258.001194241,1874.98186682619,1181.12174499548,98.1156575686243,4725.66544351002,3754.02434194546,956.320935767555,364.210248076302,1876.95072796794,265.159918369517,404.525839349953,688.956781835856,Solute carrier family 4 member 4,Q9Y6R1,603345.0,gene,8671.0,SLC4A4,ENSG00000080493,bacteria
sp|Q9Y6R1|S4A4_HUMAN,sp,Q9Y6R1,S4A4,HUMAN,0283361|tr|A0A415ZXS1|A0A415ZXS1_9BACT,283361,tr,A0A415ZXS1,A0A415ZXS1,VLVGEV,287,292,VLVGEV,259,264,VMFIVVLVGEVWFYFL,6,,,,,,,,,,,,,,,,,,,,,,,,,,,,,,,,,,,,,,,,,,,,,,,,,,,,,,,,,,,,,,,,,,,,,,,,,,,,,,,,,,,,,65.575,74.765,78.805,42.61,61.735,77.25,70.08,65.265,74.30000000000001,83.095,75.205,47.525,83.33500000000001,46.35,62.69,65.085,85.095,26.405,34.86,80.81,51.735,72.91,73.28999999999999,71.88,74.645,4312.58710329209,2982.22628991336,5339.43799660767,3454.42765590421,1941.68798861928,10879.0029774073,7404.78610760978,2176.19190240283,3921.16518138786,6099.01899529514,10557.2171320216,592.608969024638,9639.60659055596,829.922919579751,3756.99060614091,1067.32875265002,6434.36644062566,485.805288324669,1834.12938579617,5639.24089806878,1006.46087945572,4421.87638363413,2739.21099401659,3445.72998303224,Solute carrier family 4 member 4,Q9Y6R1,603345.0,gene,8671.0,SLC4A4,ENSG00000080493,bacteria
sp|Q9Y6R1|S4A4_HUMAN,sp,Q9Y6R1,S4A4,HUMAN,0283361|tr|A0A3R6KXY6|A0A3R6KXY6_9BACT,283361,tr,A0A3R6KXY6,A0A3R6KXY6,LIVPSE,753,758,LIVPSE,351,356,PSRAGLIVPSENEENE,6,,,,,,,,,,,,,,,,,,,,,,,,,,,,,weak,very_weak,,,,,,,,,,,weak,very_weak,,,,,,,,,,,,,,weak,very_weak,,,,,,,,,,,,,,,very_weak,,,,,,,,,,,weak,very_weak,38.095,37.16,54.24,51.475,51.555,26.68,38.98,52.36,42.61,4.585000000000001,21.97,63.93,7.495,53.33,54.66,54.19,8.78,56.095,70.85,22.76,49.095,11.01,37.225,23.915,61.785,5171.59120548837,4704.08659590567,6150.77558127145,10394.5676937824,9038.09586665257,7745.35695299694,9074.15439691734,5486.19407187814,4421.06311515598,36.4417566438265,7221.77245580742,9191.84384576142,933.482465221469,8288.13830744921,11397.6013442106,1963.06555021076,227.940226220099,12144.4435509655,13464.3997939269,2168.15408045882,5311.72207187026,680.857154329879,3147.11977033495,2077.37601864219,Solute carrier family 4 member 4,Q9Y6R1,603345.0,gene,8671.0,SLC4A4,ENSG00000080493,bacteria
sp|Q9Y6R1|S4A4_HUMAN,sp,Q9Y6R1,S4A4,HUMAN,0283361|tr|A0A3R6N3Y9|A0A3R6N3Y9_9BACT,283361,tr,A0A3R6N3Y9,A0A3R6N3Y9,KEKERI,55,60,KEKERI,522,527,AEADKKEKERIDKLNQ,6,,,,,,,,,,,,,,,,,,,,,,,,,,,,,,,,,,,,,,,,,,,,,,,,,,,,,,,,,,,,,,,,,,,,,,,,,,,,,,,,,,,,,86.715,46.975,76.185,73.275,87.225,87.58,68.19,94.35,79.62,95.0,58.55,83.025,95.0,68.66499999999999,49.295,82.85,95.0,75.53,79.575,83.345,56.935,77.03999999999999,95.0,78.6,58.845,22025.1892713197,4333.07322896499,10198.3883508407,15547.1363285479,14805.2505487528,25844.0770941343,11711.2480124985,17732.3537727863,12360.5256924765,31066.7059387326,18421.9226911683,14539.5071562868,31865.0270360496,10756.8068613482,10092.5692648177,9663.83421599411,36396.1322737231,17283.9867692447,13829.9830631139,13741.5321738872,7196.81153962189,14196.580772157,34594.9228496991,13720.7326846772,Solute carrier family 4 member 4,Q9Y6R1,603345.0,gene,8671.0,SLC4A4,ENSG00000080493,bacteria
sp|Q9Y6R1|S4A4_HUMAN,sp,Q9Y6R1,S4A4,HUMAN,0283361|tr|A0A3R6J438|A0A3R6J438_9BACT,283361,tr,A0A3R6J438,A0A3R6J438,PELKDK,198,203,PELKDK,457,462,DKNRIPELKDKAECW,6,,,,,,,,,,,,,,,,,,,,,,,,,,,,,,,,,,,,,,,,,,,,,,,,,,,,,,,,,,,,,,,,,,,,,,,,,,,,,,,,,,,,,86.125,64.78,81.325,48.86,88.98,85.32,63.215,92.61,78.5,95.0,82.24000000000001,88.685,89.545,89.61,69.815,89.32499999999999,95.0,80.745,83.175,87.545,77.605,86.36500000000001,93.395,84.625,66.485,19181.0117546149,6060.5367423656,12481.6130215758,3157.65918047143,13940.8575046168,19606.7549801284,7984.80545118033,14506.1947570822,10472.4602645057,27961.781039255,23455.724864134,17553.4890342765,13797.400562191,16881.9910398431,16792.7247740042,7820.38654344576,30406.592311357,19384.0092911767,14189.6702810823,9968.52301570418,12484.8546012883,9311.86568018356,13708.5647498891,9843.65798513144,Solute carrier family 4 member 4,Q9Y6R1,603345.0,gene,8671.0,SLC4A4,ENSG00000080493,bacteria
sp|Q9Y6R1|S4A4_HUMAN,sp,Q9Y6R1,S4A4,HUMAN,0283361|tr|A0A416A568|A0A416A568_9BACT,283361,tr,A0A416A568,A0A416A568,QPFLSD,1055,1060,QPFLSD,487,492,EKHYAQPFLSDTRKLF,6,,,,,,,,,,strong,weak,very_weak,,,,,,,,weak,very_weak,,,,,,very_weak,,,,,weak,very_weak,,weak,very_weak,,,,,,,,weak,very_weak,,,very_weak,,,,,,,,,,,weak,very_weak,,,,,,,,weak,very_weak,,,,,,,,,,,,,strong,weak,very_weak,36.595,36.665,46.435,1.81,33.84,23.98,2.155,25.130000000000003,16.675,21.700000000000003,4.4750000000000005,6.2250000000000005,44.28,9.765,16.369999999999997,46.225,32.585,4.359999999999999,35.285,39.19,3.455,35.08,27.63,50.04,25.435,4049.69920848745,732.823863926253,1951.8617191806,69.7081824916258,706.89796635449,2457.10848911205,71.2477214576026,251.038589654259,493.689971641608,367.87765372384,1025.16682975154,351.211171313857,3433.56029904556,506.39823811713,1194.40991567415,233.777369651454,1004.86136832562,411.118034957658,2172.19277609042,887.170124565738,292.241722541488,346.969562243471,286.078518548368,1109.37463253168,Solute carrier family 4 member 4,Q9Y6R1,603345.0,gene,8671.0,SLC4A4,ENSG00000080493,bacteria
sp|Q9Y6R1|S4A4_HUMAN,sp,Q9Y6R1,S4A4,HUMAN,0283361|tr|A0A3R6NCP4|A0A3R6NCP4_9BACT,283361,tr,A0A3R6NCP4,A0A3R6NCP4,LLVTIL,789,794,LLVTIL,84,89,VQRAFLLVTILIFLFA,6,,,,,,,,,,,,,,,,,,,,,,,,,,,,,,,,,,,,,,,,,,,,,,,,,,,,,,,,,,,,,,,,,,,,,,,,,,,,,,,,,,,,,39.755,70.21000000000001,75.05000000000001,52.55,63.915,63.24,73.815,50.225,67.39,87.7,51.545,46.485,80.64,40.705000000000005,52.865,65.38499999999999,74.11,34.485,44.62,76.255,49.41,54.43,66.985,59.425,63.72,1363.11508148753,2128.98390280636,4190.5546850114,4721.1680875008,1523.8468156221,7651.98116047403,8955.74284856472,939.846909399446,2573.70886734036,6940.24953604865,3772.87752578858,783.848074415268,7698.90233087679,530.480669723457,2012.72630900735,736.026224258296,3171.04605966683,976.162923959443,2296.79141106515,4246.09942176714,1024.6899813416,1569.25787385284,2289.32349532148,2362.37193944685,Solute carrier family 4 member 4,Q9Y6R1,603345.0,gene,8671.0,SLC4A4,ENSG00000080493,bacteria
sp|Q9Y6R1|S4A4_HUMAN,sp,Q9Y6R1,S4A4,HUMAN,0283361|tr|A0A3R6MHZ1|A0A3R6MHZ1_9BACT,283361,tr,A0A3R6MHZ1,A0A3R6MHZ1,ALKKFK,709,714,ALKKFK,15,20,ENIEKALKKFKRKFEK,6,,,,,,,,,,,,,,,,,,,,,very_weak,,,,,,very_weak,,,,,,,,,,,,very_weak,,,,,,,,,very_weak,,,,,,,,,,,,,,,,,,,,,,,,,,,,,,,,weak,very_weak,,weak,very_weak,84.67,27.41,27.14,81.335,22.425,51.59,16.585,71.365,16.685,92.51,56.260000000000005,41.645,95.0,60.66,17.085,65.67,91.715,52.675,21.595,75.37,62.2,49.405,70.395,60.38,6.359999999999999,18685.7012936508,812.983107290813,1154.337617708,11814.8480300572,747.284446514761,9071.01316990861,1438.14217404715,3333.19025146721,1279.17738581489,9743.73327675646,7420.90737825698,4790.27206036879,29796.5910455646,4989.81787484583,1789.94007118889,1416.13869603485,10909.5322094508,7283.68722062225,1843.85924586197,4948.25862845866,3877.62494486209,2123.7843223473,3110.92880567715,4181.85827355485,Solute carrier family 4 member 4,Q9Y6R1,603345.0,gene,8671.0,SLC4A4,ENSG00000080493,bacteria
sp|Q9Y6R1|S4A4_HUMAN,sp,Q9Y6R1,S4A4,HUMAN,0283361|tr|A0A3R6LPZ6|A0A3R6LPZ6_9BACT,283361,tr,A0A3R6LPZ6,A0A3R6LPZ6,LCLALL,959,964,LCLALL,94,99,EAVSNLCLALLRSGND,6,,,,,,,,,,,,,,,,,,,,,,,,,,,,,,,,,,,,,,,,,,,,,,,,,,,,,,,,weak,very_weak,,,,,,,,,,,,,,,,,,,,,,,,,,weak,very_weak,45.615,34.24,33.755,60.31,48.845,50.295,45.0,54.685,49.96,58.685,48.85,49.045,54.585,36.615,45.61,44.68,7.06,48.02,30.12,54.41,50.645,39.645,57.09,33.545,30.095,2062.52725732793,203.324846812747,496.421725916264,3785.47158201086,458.00155073827,1734.38573171443,1720.70351557871,653.742431474432,547.496261074412,1119.37003536738,3175.26900093909,965.093952261529,3163.26724284103,372.91917280368,1441.14846508572,119.320342798125,106.369258040744,1399.80807415058,456.453110436979,862.317923861118,885.147049123745,213.612742066292,588.315800295455,339.505214037409,Solute carrier family 4 member 4,Q9Y6R1,603345.0,gene,8671.0,SLC4A4,ENSG00000080493,bacteria
sp|Q9Y6R1|S4A4_HUMAN,sp,Q9Y6R1,S4A4,HUMAN,0283361|tr|A0A3R6N7Q4|A0A3R6N7Q4_9BACT,283361,tr,A0A3R6N7Q4,A0A3R6N7Q4,IILSIL,732,737,IILSIL,44,49,LSIICIILSILNQYPT,6,,,,,,,,,,,,,,,,,,,,,,,,,,,,,,,,,,,,,,,,,,,,,,,,,,,,,,,,,,,,,,,very_weak,,,,,,,,,,,,,,,,,,,,,very_weak,33.215,30.83,42.745000000000005,30.49,30.71,50.955,25.865,48.08,28.745,82.435,62.13,46.975,68.895,32.62,46.265,41.495000000000005,60.785,30.135,14.74,31.435,42.865,55.955,54.145,26.795,44.685,1352.20079874897,197.967270759331,619.375631586805,1477.66994855791,140.917800256175,2385.10149066568,1329.10847689873,456.848379197287,144.345173729085,5058.36420549641,5826.67687689971,739.258575610283,5845.81035893651,345.594527004794,1619.08496825768,99.8581562293837,1605.86052141146,752.013163576548,217.067961332271,339.18578111603,648.894036072357,1772.70966068398,914.409079533846,182.82369050179,Solute carrier family 4 member 4,Q9Y6R1,603345.0,gene,8671.0,SLC4A4,ENSG00000080493,bacteria
